636785821848088148 348
636785821848395348 348
636785821848567380 348
636785821848776276 347
636785821849218644 347
636785821849574996 348
636785821850103380 347
636785821851283028 348
636785821851491924 347
636785821851897428 349
636785821852671572 345
636785821853064788 348
636785821853507156 349
636785821853961812 347
636785821853986388 346
636785821854232148 347
636785821854453332 348
636785821855030868 346
636785821855239764 347
636785821855854164 346
636785821856751188 346
636785821857599060 346
636785821858324052 347
636785821859122772 349
636785821859405396 347
636785821859540564 347
636785821859749460 347
636785821859946068 347
636785821860191828 347
636785821860916820 347
636785821861850708 348
636785821862243924 345
636785821862563412 346
636785821862760020 345
636785821864148564 346
636785821864468052 347
636785821864627796 345
636785821864873556 346
636785821865266772 348
636785821865451092 348
636785821865868884 347
636785821866962516 347
636785821867380308 348
636785821867638356 346
636785821867822676 347
636785821868019284 347
636785821868928596 346
636785821869198932 345
636785821869653588 346
636785821869985364 347
636785821870440020 347
636785821870513748 346
636785821872381524 346
636785821872860756 347
636785821873278548 345
636785821873610324 347
636785821873966676 346
636785821874445908 345
636785821874740820 345
636785821874863700 346
636785821875121748 346
636785821875490388 348
636785821875883604 347
636785821876006484 347
636785821876706900 346
636785821877063252 346
636785821877235284 346
636785821877567060 346
636785821877849684 345
636785821878845012 345
636785821879017044 345
636785821879914068 347
636785821881032276 346
636785821881388628 345
636785821881806420 346
636785821882150484 346
636785821882568276 347
636785821882973780 347
636785821883846228 347
636785821884153428 347
636785821884325460 346
636785821884522068 347
636785821884730964 347
636785821884964436 346
636785821887323732 345
636785821887495764 345
636785821889277524 346
636785821889412692 348
636785821889769044 347
636785821890039380 347
636785821891599956 346
636785821892030036 347
636785821892214356 348
636785821892410964 347
636785821893971540 346
636785821896330836 348
636785821896724052 348
636785821896932948 348
636785821897141844 348
636785821897547348 348
636785821897915988 346
636785821898026580 347
636785821898468948 345
636785821898702420 345
636785821899071060 345
636785821899501140 345
636785821899882068 346
636785821900287572 345
636785821900484180 348
636785821900668500 348
636785821901823572 348
636785821902229076 347
636785821902437972 347
636785821902622292 347
636785821903015508 345
636785821903470164 348
636785821903814228 350
636785821904256596 347
636785821904632588 347
636785821905146196 345
636785821905213776 344
636785821905497612 344
636785821906051768 346
636785821906768116 346
636785821906957340 347
636785821907241176 347
636785821907646656 346
636785821907795332 346
636785821908065652 347
636785821908214328 347
636785821909511864 346
636785821911160816 347
636785821911255428 347
636785821911539264 346
636785821912620544 346
636785821912823284 345
636785821912971960 346
636785821913755888 347
636785821914134336 347
636785821914350592 346
636785821914580364 347
636785821915431872 348
636785821915661644 348
636785821916094156 348
636785821916337444 348
636785821916945664 347
636785821917175436 348
636785821917351144 346
636785821917594432 347
636785821918081008 348
636785821918905484 347
636785821919135256 347
636785821919540736 348
636785821919919184 348
636785821920838272 346
636785821921649232 346
636785821921933068 346
636785821922149324 346
636785821922406128 347
636785821922784576 347
636785821923365764 347
636785821923636084 347
636785821925379648 346
636785821925866224 349
636785821926258188 347
636785821926460928 349
636785821926677184 348
636785821927123212 347
636785821928204492 347
636785821928420748 348
636785821928839744 349
636785821929028968 348
636785821930272440 348
636785821930556276 347
636785821930786048 348
636785821931205044 347
636785821931853812 347
636785821933394636 345
636785821933597376 346
636785821933746052 347
636785821934029888 346
636785821934232628 347
636785821935124684 347
636785821935340940 347
636785821936232996 347
636785821936773636 347
636785821937138568 347
636785821938084688 348
636785821938598296 346
636785821938787520 347
636785821939220032 346
636785821939774188 348
636785821940328344 347
636785821941369076 346
636785821941815104 346
636785821942261132 345
636785821943545152 345
636785821943774924 347
636785821944126340 348
636785821944477756 346
636785821945288716 345
636785821945775292 346
636785821945842872 345
636785821946302416 345
636785821946829540 345
636785821947059312 346
636785821947140408 347
636785821947910820 347
636785821948397396 347
636785821948721780 347
636785821948951552 347
636785821949302968 346
636785821949640868 346
636785821950154476 347
636785821950451828 346
636785821950681600 348
636785821951046532 347
636785821952695484 346
636785821952763064 346
636785821953506444 346
636785821953925440 347
636785821954141696 346
636785821954344436 347
636785821954776948 347
636785821955263524 347
636785821955641972 348
636785821956128548 348
636785821956534028 347
636785821956655672 347
636785821956953024 348
636785821957372020 345
636785821957926176 348
636785821958250560 346
636785821958466816 347
636785821958723620 347
636785821958899328 347
636785821960480700 345
636785821961332208 347
636785821961724172 346
636785821963954312 346
636785821964346276 346
636785821964454404 344
636785821964765272 345
636785821965170752 346
636785821965697876 346
636785821966495320 346
636785821967062992 346
636785821967373860 347
636785821968238884 348
636785821968617332 347
636785821969063360 349
636785821969279616 349
636785821969509388 349
636785821969995964 347
636785821970077060 347
636785821970347380 347
636785821970509572 348
636785821970860988 347
636785821971239436 347
636785821971671948 347
636785821971807108 347
636785821972117976 347
636785821972266652 347
636785821972564004 346
636785821972780260 347
636785821973158708 347
636785821973361448 347
636785821973523640 348
636785821973807476 349
636785821974713048 345
636785821974861724 346
636785821975159076 347
636785821975267204 349
636785821975551040 347
636785821975983552 347
636785821976402548 347
636785821976645836 347
636785821977510860 347
636785821978146112 348
636785821978348852 348
636785821978997620 346
636785821979889676 348
636785821980105932 348
636785821980930408 346
636785821981187212 346
636785821983322740 346
636785821983525480 346
636785821983890412 346
636785821984201280 346
636785821984701372 345
636785821985282560 348
636785821985525848 347
636785821985944844 346
636785821986499000 346
636785821986796352 347
636785821987012608 347
636785821987661376 345
636785821988093888 345
636785821988337176 346
636785821989134620 345
636785821989472520 345
636785821989918548 346
636785821991121472 345
636785821991770240 348
636785821992013528 349
636785821992229784 349
636785821992567684 348
636785821992878552 346
636785821993000196 346
636785821993459740 347
636785821993730060 347
636785821995041112 347
636785821995460108 346
636785821995662848 346
636785821997406412 349
636785821998217372 347
636785821998622852 347
636785821998920204 346
636785821999109428 347
636785821999339200 347
636785822000015000 348
636785822000690800 348
636785822001109796 347
636785822001501760 347
636785822001636920 346
636785822002001852 347
636785822002380300 345
636785822002799296 344
636785822003718384 347
636785822004110348 349
636785822004515828 349
636785822004678020 348
636785822005191628 347
636785822007543412 347
636785822007773184 347
636785822007975924 347
636785822008989624 348
636785822009314008 348
636785822009503232 347
636785822009705972 347
636785822011003508 346
636785822011233280 347
636785822011530632 346
636785822012071272 346
636785822012436204 346
636785822014287896 345
636785822015328628 347
636785822016626164 346
636785822016774840 346
636785822017072192 346
636785822017396576 347
636785822017653380 346
636785822018383244 347
636785822018802240 346
636785822020545804 346
636785822021045896 347
636785822021654116 349
636785822023140876 349
636785822024127544 347
636785822024478960 347
636785822024695216 347
636785822024870924 346
636785822025938688 346
636785822026141428 345
636785822026317136 345
636785822026600972 345
636785822027087548 346
636785822027641704 346
636785822027993120 346
636785822028344536 346
636785822028750016 350
636785822028885176 352
636785822029398784 350
636785822029817780 349
636785822031399152 347
636785822031777600 348
636785822032277692 347
636785822032345272 346
636785822033102168 346
636785822033318424 347
636785822033723904 346
636785822034034772 346
636785822034372672 345
636785822034588928 346
636785822035737788 348
636785822036535232 346
636785822037224548 347
636785822037994960 345
636785822038359892 347
636785822038481536 349
636785822039265464 346
636785822039589848 345
636785822040062908 346
636785822040427840 347
636785822040846836 348
636785822041265832 347
636785822041806472 347
636785822043755532 347
636785822046225027 349
636785822046468327 347
636785822046638637 347
636785822047088742 348
636785822047660497 349
636785822047830807 349
636785822048159262 348
636785822048889162 346
636785822048949987 346
636785822049412257 347
636785822050142157 347
636785822051151852 347
636785822053511862 347
636785822053876812 347
636785822055847542 346
636785822056005687 345
636785822056711257 344
636785822057003217 346
636785822057185692 347
636785822057380332 348
636785822058207552 346
636785822058986112 347
636785822059192917 347
636785822059849827 346
636785822061029832 347
636785822061662412 345
636785822061844887 345
636785822062173342 348
636785822062465302 348
636785822062854582 347
636785822063231697 346
636785822063426337 346
636785822063620977 346
636785822064983457 348
636785822065348407 347
636785822065555212 346
636785822066783877 347
636785822067148827 346
636785822067586767 347
636785822067878727 346
636785822068097697 346
636785822069654817 347
636785822070299562 347
636785822070628017 347
636785822070761832 346
636785822071017297 346
636785822071199772 348
636785822071795857 347
636785822071990497 347
636785822072172972 346
636785822073365142 347
636785822073547617 346
636785822074715457 346
636785822075810307 348
636785822076126597 347
636785822076880827 346
636785822077379592 347
636785822078012172 346
636785822079411147 347
636785822079958572 349
636785822080092387 348
636785822080530327 346
636785822080785792 346
636785822080992597 347
636785822081515692 346
636785822081661672 345
636785822082513222 349
636785822082720027 348
636785822082829512 347
636785822083486422 348
636785822084398797 345
636785822085031377 347
636785822085834267 348
636785822086588497 346
636785822086722312 347
636785822087367057 345
636785822087744172 344
636785822088291597 349
636785822088583557 347
636785822088936342 347
636785822089130982 346
636785822089873047 346
636785822090201502 346
636785822090505627 345
636785822090748927 345
636785822092208727 346
636785822092464192 346
636785822092792647 348
636785822093194092 348
636785822093327907 346
636785822093583372 345
636785822093778012 346
636785822093984817 348
636785822094507912 348
636785822094836367 349
636785822094909357 347
636785822095164822 347
636785822095371627 346
636785822096138022 347
636785822097695142 346
636785822097914112 346
636785822098315557 346
636785822098692672 347
636785822098777827 347
636785822099045457 347
636785822099483397 348
636785822099811852 346
636785822101198662 346
636785822101405467 349
636785822103704652 347
636785822103899292 346
636785822104690017 346
636785822105018472 346
636785822105480742 346
636785822105699712 347
636785822106076827 346
636785822106234972 348
636785822106843222 346
636785822108777457 347
636785822108972097 348
636785822110091277 345
636785822110468392 349
636785822111514582 347
636785822111709222 345
636785822111952522 345
636785822112280977 348
636785822112804072 345
636785822113497477 346
636785822113874592 346
636785822113971912 346
636785822114361192 348
636785822114640987 348
636785822115054597 348
636785822115383052 347
636785822116380582 346
636785822116575222 347
636785822116988832 348
636785822117414607 347
636785822117475432 347
636785822117743062 346
636785822118108012 347
636785822118521622 346
636785822118631107 347
636785822118959562 347
636785822119689462 348
636785822119896267 347
636785822120054412 346
636785822120236887 347
636785822120991117 347
636785822121818337 347
636785822122134627 346
636785822122572567 347
636785822122913187 346
636785822123618757 346
636785822123947212 346
636785822124543297 347
636785822124762267 346
636785822125188042 347
636785822125248867 348
636785822125917942 349
636785822126331552 347
636785822126416707 348
636785822127061452 348
636785822128253622 347
636785822128618572 346
636785822129202492 345
636785822129421462 345
636785822130187857 347
636785822131367862 347
636785822131757142 349
636785822132328897 345
636785822133314262 348
636785822133435912 347
636785822135053857 347
636785822135248497 345
636785822135674272 346
636785822135783757 347
636785822136160872 348
636785822136428502 346
636785822137657167 347
636785822137985622 347
636785822138180262 347
636785822138557377 347
636785822138776347 347
636785822138897997 346
636785822139202122 347
636785822139956352 346
636785822140321302 349
636785822140515942 348
636785822140710582 348
636785822141233677 348
636785822141525637 347
636785822141866257 346
636785822142060897 348
636785822142632652 346
636785822143545027 346
636785822143946472 346
636785822144189772 345
636785822144968332 346
636785822145746892 348
636785822146269987 348
636785822146732257 348
636785822148106902 348
636785822148544842 347
636785822149067937 347
636785822149262577 349
636785822149870827 347
636785822150600727 347
636785822150941347 347
636785822152194342 346
636785822152766097 346
636785822153228367 349
636785822153277027 349
636785822153946102 347
636785822154335382 347
636785822154688167 346
636785822154834147 349
636785822156853537 347
636785822157036012 347
636785822157169827 348
636785822157437457 348
636785822158751277 348
636785822159760972 346
636785822159943447 348
636785822160174582 346
636785822160381387 346
636785822161342422 347
636785822161865517 347
636785822162133147 347
636785822162510262 347
636785822163313152 347
636785822163471297 348
636785822163787587 348
636785822164176867 350
636785822164444497 349
636785822165429862 346
636785822165612337 346
636785822165733987 346
636785822165989452 346
636785822166196257 346
636785822166780177 347
636785822166974817 347
636785822167714428 346
636785822168031920 346
636785822168218036 347
636785822168929656 346
636785822170889348 347
636785822171371060 347
636785822171721396 348
636785822171907512 347
636785822173243168 346
636785822173527816 347
636785822173834360 347
636785822174294176 347
636785822174589772 347
636785822174666408 347
636785822175695520 348
636785822175936376 347
636785822176111544 348
636785822176297660 348
636785822176669892 347
636785822176845060 348
636785822177031176 347
636785822177742796 346
636785822178038392 346
636785822178213560 347
636785822178388728 347
636785822179308360 348
636785822179844812 347
636785822180315576 347
636785822180490744 347
636785822180633068 348
636785822181049092 348
636785822181311844 348
636785822182943096 347
636785822183643768 349
636785822184333492 347
636785822184782360 347
636785822185045112 349
636785822185461136 347
636785822185504928 346
636785822186271288 347
636785822186457404 348
636785822187179972 347
636785822187530308 346
636785822187716424 347
636785822187869696 347
636785822189019236 346
636785822189260092 345
636785822189643272 346
636785822190431528 349
636785822190847552 347
636785822191033668 347
636785822191843820 348
636785822192040884 347
636785822192500700 348
636785822192741556 348
636785822193080944 348
636785822193475072 346
636785822193923940 348
636785822194274276 347
636785822194580820 347
636785822194876416 349
636785822195325284 347
636785822195741308 347
636785822195927424 347
636785822196310604 346
636785822196671888 347
636785822196934640 345
636785822197131704 346
636785822197339716 348
636785822197679104 348
636785822198522100 347
636785822198806748 347
636785822199069500 347
636785822199233720 348
636785822199463628 347
636785822199759224 348
636785822199934392 347
636785822200109560 348
636785822200470844 348
636785822201346684 349
636785822202715184 347
636785822202966988 347
636785822203109312 346
636785822203437752 347
636785822205003316 346
636785822205145640 345
636785822205846312 347
636785822206120012 347
636785822206415608 347
636785822207291448 347
636785822207663680 346
636785822207827900 347
636785822208506676 347
636785822209678112 346
636785822210444472 346
636785822210608692 347
636785822210969976 347
636785822211670648 350
636785822212031932 350
636785822212360372 348
636785822212754500 348
636785822212940616 348
636785822213061044 347
636785822213772664 346
636785822213882144 346
636785822214473336 345
636785822214648504 346
636785822214812724 346
636785822215163060 347
636785822215568136 347
636785822216345444 349
636785822217100856 348
636785822217297920 348
636785822217451192 347
636785822217681100 348
636785822218469356 349
636785822218688316 348
636785822218797796 349
636785822219717428 346
636785822220067764 347
636785822220253880 346
636785822220549476 346
636785822220757488 346
636785822220954552 347
636785822221118772 349
636785822221293940 346
636785822221501952 347
636785822221852288 347
636785822221939872 347
636785822222180728 347
636785822222355896 347
636785822222717180 349
636785822222914244 350
636785822223078464 348
636785822223341216 349
636785822224019992 347
636785822224074732 347
636785822225158584 349
636785822225311856 348
636785822225508920 348
636785822226570876 348
636785822226778888 348
636785822226921212 349
636785822227118276 348
636785822227556196 346
636785822227786104 347
636785822228661944 348
636785822228837112 349
636785822229187448 349
636785822229548732 347
636785822229723900 347
636785822229899068 348
636785822230599740 347
636785822230763960 346
636785822231114296 349
636785822231300412 348
636785822231683592 349
636785822232515640 347
636785822232723652 346
636785822233500960 349
636785822234081204 346
636785822235165056 347
636785822235263588 346
636785822235679612 345
636785822235909520 348
636785822236916736 346
636785822237026216 347
636785822237256124 347
636785822237354656 348
636785822238318080 347
636785822238416612 348
636785822238996856 348
636785822239401932 347
636785822239686580 347
636785822239828904 346
636785822240409148 347
636785822240912756 347
636785822241087924 347
636785822241284988 346
636785822241460156 348
636785822241974712 347
636785822242193672 347
636785822242872448 347
636785822243310368 346
636785822243605964 346
636785822244087676 346
636785822244766452 346
636785822244974464 346
636785822245675136 347
636785822245762720 346
636785822246397704 346
636785822246572872 346
636785822246824676 347
636785822247886632 347
636785822248215072 345
636785822248499720 347
636785822249266080 346
636785822249693052 346
636785822249857272 346
636785822251291460 346
636785822251619900 346
636785822252090664 347
636785822252320572 347
636785822252506688 347
636785822252769440 345
636785822252999348 345
636785822253732864 346
636785822253897084 345
636785822254126992 348
636785822254400692 347
636785822254521120 346
636785822255221792 347
636785822255823932 346
636785822255988152 349
636785822256294696 347
636785822256699772 347
636785822256940628 345
636785822257225276 348
636785822257739832 346
636785822257925948 346
636785822258320076 346
636785822258604724 347
636785822258955060 346
636785822259338240 345
636785822259491512 345
636785822259666680 346
636785822260017016 343
636785822260203132 343
636785822260476832 346
636785822261779644 346
636785822263991140 347
636785822264210100 346
636785822264593280 345
636785822264724656 346
636785822265381536 345
636785822267833888 346
636785822268129484 347
636785822269322816 345
636785822269476088 347
636785822269585568 346
636785822269957800 346
636785822270713212 347
636785822270877432 347
636785822271413884 348
636785822271654740 347
636785822271917492 349
636785822272749540 349
636785822273088928 346
636785822273329784 346
636785822274030456 346
636785822274468376 346
636785822275782136 346
636785822276603236 344
636785822277216324 346
636785822277665192 345
636785822277960788 345
636785822278004580 346
636785822278387760 345
636785822278759992 344
636785822279913956 345
636785822280544612 347
636785822280869794 346
636785822281027458 345
636785822281224538 346
636785822281490596 347
636785822282229646 344
636785822282604098 344
636785822282771616 345
636785822282939134 347
636785822283096798 346
636785822283559936 346
636785822284190592 346
636785822284436942 346
636785822284771978 346
636785822285038036 344
636785822285284386 346
636785822285589860 346
636785822286545698 346
636785822286861026 346
636785822288910658 344
636785822289245694 345
636785822289383650 345
636785822289836934 346
636785822290034014 346
636785822290191678 345
636785822290477444 346
636785822290635108 344
636785822291305180 345
636785822291472698 346
636785822291600800 348
636785822291965398 346
636785822293029630 345
636785822293197148 346
636785822293620870 346
636785822293886928 346
636785822294488022 344
636785822295079262 346
636785822295374882 344
636785822296744588 345
636785822296971230 346
636785822297059916 346
636785822297907360 346
636785822298074878 349
636785822298528162 347
636785822298843490 347
636785822299168672 346
636785822299316482 347
636785822299484000 346
636785822299789474 347
636785822299888014 348
636785822300154072 348
636785822300400422 348
636785822300577794 348
636785822300833998 348
636785822301040932 350
636785822302105164 348
636785822302302244 348
636785822303090564 347
636785822303317206 346
636785822303366476 346
636785822303740928 345
636785822304233628 347
636785822304312460 348
636785822304558810 347
636785822304844576 349
636785822305465378 350
636785822305820122 350
636785822306421216 348
636785822306864646 349
636785822307071580 348
636785822307347492 347
636785822307702236 346
636785822308086542 348
636785822308618658 348
636785822308717198 350
636785822308993110 350
636785822309229606 349
636785822309377416 350
636785822309584350 351
636785822311141282 347
636785822311308800 347
636785822311466464 348
636785822311594566 348
636785822311929602 348
636785822312185806 350
636785822312402594 348
636785822313072666 349
636785822313338724 349
636785822313644198 350
636785822314284708 353
636785822314432518 351
636785822314925218 351
636785822315023758 352
636785822315289816 350
636785822315555874 351
636785822315713538 351
636785822316679230 350
636785822316817186 349
636785822316984704 348
636785822317546382 348
636785822319024482 346
636785822319458058 345
636785822319704408 346
636785822320108422 345
636785822320295648 346
636785822320610976 347
636785822320778494 348
636785822321014990 348
636785822321704770 348
636785822321960974 348
636785822322483236 345
636785822322916812 346
636785822324227394 345
636785822324394912 346
636785822324562430 345
636785822325340896 345
636785822325429582 346
636785822326385420 346
636785822326651478 347
636785822326690894 346
636785822326887974 346
636785822327676294 345
636785822328178848 349
636785822328533592 347
636785822329597824 347
636785822329735780 347
636785822330405852 347
636785822330701472 349
636785822330790158 349
636785822331322274 350
636785822331696726 349
636785822331943076 347
636785822332268258 346
636785822332593440 347
636785822332898914 348
636785822333056578 346
636785822333322636 346
636785822333588694 345
636785822333874460 345
636785822334022270 346
636785822334140518 346
636785822334278474 345
636785822334652926 345
636785822334800736 346
636785822335204750 346
636785822335539786 347
636785822336367522 349
636785822336722266 349
636785822336998178 346
636785822337145988 347
636785822337421900 348
636785822337737228 347
636785822337944162 347
636785822338683212 348
636785822339619342 348
636785822339895254 350
636785822340151458 349
636785822341097442 348
636785822341205836 347
636785822341422624 347
636785822341826638 346
636785822342023718 346
636785822342999264 347
636785822344309846 349
636785822344566050 349
636785822345186852 347
636785822346251084 347
636785822346605828 348
636785822347187214 347
636785822347394148 347
636785822347502542 347
636785822348044512 347
636785822348349986 347
636785822348497796 346
636785822348675168 347
636785822349798524 347
636785822350340494 346
636785822350547428 346
636785822350852902 345
636785822351020420 346
636785822351187938 347
636785822351680638 347
636785822351867864 346
636785822351917134 347
636785822352508374 348
636785822352754724 349
636785822353060198 350
636785822353562752 349
636785822353818956 349
636785822354025890 349
636785822355957274 348
636785822356341580 349
636785822356568222 349
636785822356853988 349
636785822357218586 347
636785822357799972 346
636785822358223694 348
636785822358450336 347
636785822358598146 348
636785822359080992 346
636785822359238656 346
636785822359701794 348
636785822359859458 347
636785822360352158 348
636785822360697048 346
636785822360825150 346
636785822361081354 347
636785822361702156 349
636785822361899236 351
636785822362214564 348
636785822362608724 348
636785822363012738 347
636785822363367482 346
636785822363643394 347
636785822364116386 347
636785822364540108 346
636785822364747042 347
636785822365052516 348
636785822365535362 348
636785822365683172 347
636785822365860544 346
636785822366629156 348
636785822366796674 346
636785822366944484 348
636785822367112002 347
636785822367624410 345
636785822368018570 348
636785822368294482 348
636785822368343752 346
636785822368944846 347
636785822369161634 347
636785822369309444 349
636785822369476962 350
636785822369624772 351
636785822370117472 349
636785822370757982 347
636785822370876230 348
636785822371477324 348
636785822372137542 347
636785822373339730 348
636785822373684620 348
636785822374216736 346
636785822374689728 346
636785822374876954 346
636785822374955786 346
636785822375202136 347
636785822375458340 347
636785822375566734 346
636785822375793376 346
636785822375921478 346
636785822376729506 347
636785822376828046 349
636785822377783884 346
636785822378631328 347
636785822379035342 347
636785822379271838 347
636785822379636436 347
636785822379725122 346
636785822380060158 347
636785822380479924 348
636785822380612944 347
636785822381198232 345
636785822381340120 347
636785822381437668 347
636785822381632764 347
636785822381943144 347
636785822382315600 347
636785822382759000 349
636785822382900888 348
636785822383042776 348
636785822383619196 347
636785822384018256 349
636785822384257692 347
636785822385171096 347
636785822385446004 348
636785822385969216 347
636785822386306200 348
636785822386465824 346
636785822386598844 345
636785822386749600 345
636785822386891488 346
636785822387113188 346
636785822387299416 347
636785822387396964 346
636785822387884704 345
636785822387964516 346
636785822388150744 348
636785822388434520 348
636785822388576408 346
636785822388993204 346
636785822389560756 348
636785822389711512 348
636785822389968684 347
636785822390154912 347
636785822390252460 350
636785822390420952 351
636785822390793408 348
636785822391077184 346
636785822391272280 347
636785822392283232 346
636785822392389648 348
636785822392762104 348
636785822393116824 346
636785822393914944 348
636785822394092304 347
636785822394429288 347
636785822394828348 346
636785822395050048 348
636785822395245144 347
636785822395564392 346
636785822395812696 346
636785822395936848 345
636785822396185152 346
636785822396380248 348
636785822396690628 347
636785822396956668 346
636785822397107424 346
636785822397240444 347
636785822397515352 348
636785822397639504 349
636785822398375548 346
636785822398801212 347
636785822398934232 346
636785822399235744 346
636785822399563860 347
636785822399936316 347
636785822400078204 346
636785822400353112 347
636785822400681228 350
636785822400911796 348
636785822401044816 347
636785822401337460 345
636785822401638972 345
636785822401789728 346
636785822401860672 349
636785822402046900 348
636785822402366148 345
636785822402516904 345
636785822402765208 346
636785822402978040 348
636785822403182004 348
636785822403740688 347
636785822404086540 348
636785822404334844 348
636785822404760508 349
636785822404937868 349
636785822405221644 347
636785822405452212 347
636785822405549760 347
636785822405922216 348
636785822406702600 349
636785822406950904 349
636785822407172604 348
636785822407474116 347
636785822407545060 347
636785822407864308 348
636785822408458464 347
636785822408857524 348
636785822409008280 347
636785822409238848 346
636785822409558096 346
636785822410320744 347
636785822410577916 348
636785822410684332 349
636785822410870560 348
636785822411136600 348
636785822411234148 347
636785822411464716 348
636785822411721888 347
636785822411863776 346
636785822412014532 346
636785822412422460 348
636785822412555480 348
636785822413185108 346
636785822413690584 347
636785822413814736 345
636785822414116248 348
636785822414355684 347
636785822414533044 347
636785822414639460 346
636785822414878896 346
636785822415242484 347
636785822415384372 348
636785822415490788 347
636785822416049472 346
636785822416368720 348
636785822416608156 348
636785822417388540 347
636785822417947224 346
636785822418390624 347
636785822418798552 347
636785822419082328 349
636785822419419312 347
636785822419454784 346
636785822419667616 346
636785822419924788 345
636785822420022336 346
636785822420306112 345
636785822420651964 348
636785822420811588 347
636785822421343668 346
636785822421441216 349
636785822421680652 348
636785822421911220 348
636785822422026504 348
636785822422922172 347
636785822423152740 349
636785822423436516 347
636785822423613876 346
636785822423968596 346
636785822424181428 345
636785822424332184 345
636785822424757848 346
636785822425050492 349
636785822425148040 348
636785822425360872 346
636785822425662384 346
636785822425981632 347
636785822426185596 348
636785822427116736 347
636785822427471456 346
636785822427604476 346
636785822427737496 347
636785822427976932 348
636785822428154292 347
636785822428287312 346
636785822428739580 346
636785822429014488 345
636785822429103168 345
636785822429617512 346
636785822430238272 348
636785822431133940 347
636785822431364508 347
636785822431382244 346
636785822431559604 346
636785822431896588 348
636785822432153760 346
636785822432295648 346
636785822432428668 345
636785822432703576 348
636785822432845464 347
636785822433076032 345
636785822433262260 346
636785822433838680 346
636785822433980568 345
636785822434264344 347
636785822434397364 347
636785822434725480 346
636785822434787556 346
636785822435009256 348
636785822435071332 348
636785822435372844 346
636785822435550204 346
636785822436401532 343
636785822436703044 346
636785822437057764 347
636785822437235124 346
636785822437802676 346
636785822437917960 347
636785822438387964 347
636785822438662872 347
636785822438964384 348
636785822439292500 347
636785822439319104 346
636785822439656088 347
636785822439886656 347
636785822440205904 345
636785822440649304 347
636785822440791192 348
636785822440941948 346
636785822441039496 347
636785822441225724 347
636785822441509500 348
636785822441908560 346
636785822442077052 346
636785822442227808 347
636785822442493848 349
636785822442680076 348
636785822443815180 345
636785822444045748 346
636785822444400468 346
636785822445473496 347
636785822446138596 348
636785822447486532 346
636785822448009744 346
636785822448169368 348
636785822448603900 348
636785822449162584 345
636785822449721268 347
636785822449863156 346
636785822450129196 347
636785822450315424 348
636785822450643540 347
636785822450856372 347
636785822450953920 348
636785822451432792 346
636785822452089024 346
636785822453232996 345
636785822454261684 347
636785822454412440 346
636785822454926784 347
636785822455396788 347
636785822455769244 347
636785822455982076 347
636785822456256984 347
636785822456913216 347
636785822457108312 346
636785822457392088 345
636785822457684732 346
636785822457764544 347
636785822458012848 347
636785822458110396 346
636785822458261152 346
636785822458411908 348
636785822458624740 346
636785822458899648 346
636785822459139084 348
636785822459192292 348
636785822459378520 346
636785822459680032 347
636785822459759844 346
636785822459946072 346
636785822460238716 346
636785822460380604 347
636785822460637776 349
636785822460877212 348
636785822462783832 347
636785822463351384 347
636785822463777048 346
636785822464060824 347
636785822464779132 347
636785822465062908 346
636785822465355552 346
636785822465745744 346
636785822466180276 345
636785822466845376 347
636785822467217832 346
636785822467466136 345
636785822467705572 348
636785822467900668 347
636785822468042556 347
636785822468175576 347
636785822468601240 347
636785822468831808 346
636785822469018036 346
636785822469621060 347
636785822469762948 346
636785822469887100 345
636785822470153140 348
636785822470303896 348
636785822470578804 347
636785822470871448 346
636785822471013336 345
636785822472089126 347
636785822472671812 348
636785822472807506 347
636785822472943200 345
636785822473070912 346
636785822473446066 346
636785822473613688 347
636785822473733418 348
636785822474739150 348
636785822474970628 345
636785822475186142 348
636785822475361746 346
636785822475473494 346
636785822476375460 347
636785822476750614 346
636785822476894290 346
636785822477173660 347
636785822477397156 345
636785822477748364 347
636785822477908004 346
636785822478043698 348
636785822478219302 348
636785822478434816 347
636785822478554546 347
636785822479584224 349
636785822479983324 349
636785822480262694 345
636785822480550046 348
636785822481787256 345
636785822482026716 347
636785822482138464 347
636785822482250212 348
636785822482345996 347
636785822482513618 347
636785822482649312 347
636785822482904736 345
636785822483287872 347
636785822483543296 347
636785822483663026 348
636785822483806702 349
636785822483918450 348
636785822484189838 347
636785822484293604 346
636785822484549028 345
636785822484668758 349
636785822484836380 348
636785822484956110 347
636785822485913950 348
636785822486089554 348
636785822486408834 345
636785822486592420 345
636785822486696186 345
636785822486847844 347
636785822486983538 346
636785822487254926 347
636785822487446494 345
636785822488468190 346
636785822489146660 348
636785822489434012 346
636785822489673472 346
636785822490048626 347
636785822490256158 346
636785822490455708 347
636785822490679204 346
636785822490798934 346
636785822491501350 347
636785822491724846 347
636785822491788702 346
636785822492123946 348
636785822492235694 348
636785822492491118 347
636785822492722596 347
636785822493233444 346
636785822493369138 347
636785822493488868 345
636785822493576670 346
636785822493832094 346
636785822494047608 348
636785822494255140 347
636785822494390834 348
636785822494518546 347
636785822495029394 346
636785822495620062 346
636785822495795666 347
636785822496091000 348
636785822496434226 348
636785822496929110 347
636785822497152606 347
636785822497336192 346
636785822497623544 346
636785822497839058 345
636785822497974752 345
636785822498094482 345
636785822498174302 346
636785822498621294 345
636785822498685150 347
636785822498940574 348
636785822499164070 347
636785822499882450 346
636785822500129892 347
636785822500409262 346
636785822500521010 348
636785822500728542 347
636785822500912128 347
636785822501047822 347
636785822501239390 347
636785822501414994 347
636785822501518760 347
636785822501925842 346
636785822502588348 347
636785822502700096 348
636785822502947538 347
636785822503218926 346
636785822503298746 347
636785822503466368 347
636785822503570134 347
636785822503977216 349
636785822504096946 348
636785822504224658 348
636785822505006894 348
636785822506124374 346
636785822506842754 347
636785822507170016 347
636785822507305710 346
636785822507880414 345
636785822508351352 346
636785822508662650 346
636785822509077714 346
636785822509325156 348
636785822509460850 346
636785822510179230 347
636785822511464332 347
636785822511767648 349
636785822511975180 347
636785822512222622 347
636785822512438136 347
636785822512661632 348
636785822512956966 347
636785822513164498 348
636785822513300192 346
636785822513555616 347
636785822513763148 346
636785822514832736 346
636785822515199908 348
636785822515319638 347
636785822515854432 348
636785822515974162 347
636785822516221604 345
636785822516357298 345
636785822516508956 345
636785822516644650 346
636785822518264996 346
636785822518592258 346
636785822518799790 347
636785822519294674 348
636785822519550098 345
636785822519829468 346
636785822519901306 347
636785822520068928 346
636785822520827218 347
636785822521848914 347
636785822522351780 347
636785822522615186 348
636785822522878592 348
636785822522982358 347
636785822523149980 347
636785822523213836 346
636785822523373476 346
636785822523972126 346
636785822524163694 346
636785822524227550 345
636785822524387190 346
636785822524698488 346
636785822524914002 346
636785822525041714 346
636785822525712202 346
636785822526446546 346
636785822526765826 348
636785822526965376 348
636785822527220800 347
636785822527579990 346
636785822527795504 345
636785822527843396 347
636785822527979090 349
636785822528258460 347
636785822528497920 347
636785822528737380 345
636785822528873074 346
636785822529136480 347
636785822529336030 345
636785822529639346 346
636785822530166158 342
636785822530357726 342
636785822530517366 343
636785822531044178 345
636785822531139962 346
636785822531954126 350
636785822532185604 349
636785822532313316 348
636785822532401118 348
636785822533119498 350
636785822533215282 351
636785822533917698 351
636785822534109266 352
636785822534244960 352
636785822534612132 350
636785822534883520 349
636785822534987286 348
636785822535130962 347
636785822535250692 347
636785822535769522 349
636785822536001000 349
636785822536160640 349
636785822536647542 348
636785822536759290 350
636785822537174354 350
636785822537254174 350
636785822537509598 350
636785822537677220 349
636785822537812914 349
636785822538196050 350
636785822538315780 351
636785822538459456 351
636785822538531294 349
636785822538786718 348
636785822538970304 347
636785822539201782 345
636785822539345458 344
636785822539457206 344
636785822540367154 345
636785822540486884 348
636785822541388850 350
636785822541604364 350
636785822541779968 349
636785822541883734 348
636785822542099248 348
636785822542290816 348
636785822542554222 348
636785822542785700 349
636785822542905430 348
636785822543049106 347
636785822543296548 348
636785822543807396 347
636785822543895198 348
636785822544342190 348
636785822544453938 348
636785822544581650 348
636785822544837074 347
636785822544924876 347
636785822545938590 348
636785822546154104 348
636785822546201996 346
636785822546369618 346
636785822546872484 346
636785822547016160 346
636785822547646738 346
636785822547742522 347
636785822548173550 347
636785822548428974 349
636785822548564668 347
636785822548676416 347
636785822548756236 347
636785822549562418 346
636785822549945554 348
636785822550073266 346
636785822550328690 346
636785822550472366 347
636785822550743754 346
636785822551486080 347
636785822551573882 347
636785822552068766 347
636785822552324190 346
636785822552627506 347
636785822552755218 347
636785822553005060 347
636785822553069716 346
636785822553263684 348
636785822553716276 349
636785822553903060 349
636785822554671748 347
636785822554836980 347
636785822554908820 346
636785822555052500 346
636785822555282388 345
636785822555404516 347
636785822555569748 347
636785822556209124 348
636785822556324068 347
636785822556446196 347
636785822557257988 348
636785822557689028 348
636785822557882996 348
636785822558120068 347
636785822558594212 346
636785822559204852 343
636785822560124404 348
636785822560189060 346
636785822560447684 348
636785822560641652 345
636785822560806884 346
636785822560893092 347
636785822561094244 347
636785822561259476 346
636785822561525284 348
636785822561733620 348
636785822561841380 347
636785822561999428 347
636785822562035348 347
636785822562509492 345
636785822562897428 346
636785822563867268 345
636785822564032500 345
636785822564140260 346
636785822564327044 347
636785822564477908 347
636785822564585668 347
636785822564743716 347
636785822564937684 346
636785822565045444 346
636785822565167572 345
636785822565656084 347
636785822565871604 347
636785822565943444 347
636785822566130228 346
636785822566166148 347
636785822566324196 347
636785822566604372 346
636785822566783972 348
636785822567818468 347
636785822567933412 347
636785822568177668 346
636785822568443476 346
636785822569772516 347
636785822569887460 346
636785822570023956 346
636785822570239476 347
636785822570311316 346
636785822570454996 345
636785822570584308 346
636785822571036900 346
636785822571374548 347
636785822571647540 346
636785822571834324 348
636785822572071396 346
636785822572603012 347
636785822572768244 347
636785822572861636 346
636785822574377460 347
636785822575182068 346
636785822575289828 347
636785822575411956 347
636785822575598740 347
636785822576209380 345
636785822576748180 345
636785822577172036 348
636785822577380372 347
636785822577445028 346
636785822577603076 347
636785822577660548 348
636785822578393316 346
636785822578809988 347
636785822579003956 346
636785822579097348 345
636785822579650516 346
636785822579758276 346
636785822579952244 347
636785822579995348 346
636785822580117476 347
636785822580426388 347
636785822580577252 347
636785822581590196 347
636785822581963764 346
636785822582035604 347
636785822582215204 346
636785822582265492 347
636785822582516932 347
636785822582876132 347
636785822582991076 347
636785822583106020 346
636785822583177860 346
636785822583335908 346
636785822583565796 348
636785822583680740 348
636785822583874708 347
636785822584054308 346
636785822584571556 348
636785822584722420 346
636785822584801444 347
636785822584973860 347
