636785826406268276 347
636785826408074917 347
636785826408319057 348
636785826408485073 347
636785826408631557 347
636785826409295620 348
636785826409725307 347
636785826409881557 347
636785826410047573 348
636785826410487026 348
636785826410643276 347
636785826411551479 347
636785826411863979 346
636785826412850307 346
636785826413065151 346
636785826413631557 347
636785826413729214 348
636785826413944057 348
636785826414100307 347
636785826414403042 346
636785826415330776 346
636785826415584682 347
636785826415916714 346
636785826416170620 348
636785826418436245 348
636785826418738979 348
636785826419686245 348
636785826419891323 348
636785826419988979 348
636785826420194057 348
636785826420545620 348
636785826420809292 348
636785826421121792 348
636785826421287807 347
636785826421893276 346
636785826422049526 347
636785826422371792 348
636785826422528042 348
636785826422684292 349
636785826422840542 348
636785826424100307 347
636785826424256557 347
636785826424559292 347
636785826424949917 346
636785826425174526 345
636785826425350307 346
636785826425545620 346
636785826425653042 347
636785826425828823 346
636785826426600307 347
636785826426756557 346
636785826426912807 346
636785826427078823 347
636785826427694057 347
636785826428817104 347
636785826428953823 348
636785826429100307 348
636785826429403042 348
636785826429588589 348
636785826429735073 348
636785826429881557 347
636785826430194057 347
636785826430985073 346
636785826431121792 347
636785826431756557 347
636785826431912807 347
636785826432088589 347
636785826432235073 348
636785826432430385 348
636785826432694057 349
636785826432860073 347
636785826433016323 347
636785826433162807 347
636785826433319057 348
636785826433612026 348
636785826433787807 347
636785826433944057 346
636785826434080776 347
636785826434559292 347
636785826434871792 346
636785826434998745 348
636785826435828823 347
636785826435955776 348
636785826436190151 348
636785826436795620 347
636785826436942104 347
636785826437235073 347
636785826437547573 347
636785826438162807 347
636785826438328823 347
636785826439256557 347
636785826439569057 347
636785826439920620 349
636785826440184292 347
636785826440340542 346
636785826440496792 346
636785826440809292 348
636785826441326870 347
636785826441580776 348
636785826442850307 347
636785826443201870 347
636785826443319057 347
636785826443944057 347
636785826444110073 347
636785826444256557 348
636785826444705776 348
636785826444891323 347
636785826445037807 347
636785826445174526 347
636785826445330776 348
636785826445975307 347
636785826446131557 348
636785826447225307 348
636785826447371792 346
636785826448485073 347
636785826448612026 347
636785826448944057 348
636785826449080776 348
636785826449334682 347
636785826449569057 347
636785826449735073 348
636785826450291714 348
636785826450496792 347
636785826450819057 347
636785826451190151 346
636785826451444057 347
636785826452547573 348
636785826452703823 347
636785826452850307 347
636785826453016323 347
636785826453299526 348
636785826453631557 347
636785826453758510 347
636785826453934292 347
636785826454256557 349
636785826454373745 349
636785826454578823 348
636785826455643276 348
636785826455819057 348
636785826455936245 348
636785826456151089 348
636785826456297573 347
636785826456580776 347
636785826457225307 347
636785826457381557 347
636785826457537807 347
636785826457850307 347
636785826458035854 346
636785826458201870 347
636785826458319057 347
636785826459237026 348
636785826459901089 347
636785826460076870 347
636785826460203823 346
636785826460330776 347
636785826460584682 347
636785826461424526 347
636785826461600307 347
636785826461824917 347
636785826462850307 346
636785826463035854 347
636785826463328823 348
636785826463494839 348
636785826463641323 347
636785826463924526 347
636785826464412807 347
636785826465672573 347
636785826465809292 347
636785826465955776 348
636785826466151089 346
636785826466424526 346
636785826466756557 348
636785826467430385 346
636785826467703823 348
636785826467840542 348
636785826468006557 347
636785826468162807 347
636785826468319057 347
636785826468699917 347
636785826468924526 346
636785826469041714 347
636785826469237026 348
636785826469412807 345
636785826469725307 346
636785826469871792 347
636785826470047573 348
636785826470203823 348
636785826470516323 347
636785826470838589 348
636785826470994839 348
636785826471307339 346
636785826471434292 347
636785826471756557 347
636785826472049526 347
636785826472225307 347
636785826472694057 348
636785826472840542 348
636785826473065151 348
636785826473133510 348
636785826473485073 348
636785826473651089 347
636785826473807339 348
636785826474100307 347
636785826474559292 348
636785826474881557 348
636785826475184292 347
636785826475350307 347
636785826475516323 347
636785826475672573 347
636785826475819057 347
636785826475975307 347
636785826476268276 347
636785826476424526 347
636785826476600307 348
636785826476834682 348
636785826477508510 347
636785826477694057 347
636785826477860073 347
636785826478494839 345
636785826479403042 347
636785826479559292 346
636785826479735073 347
636785826480018276 348
636785826480955776 346
636785826481219448 347
636785826481434292 348
636785826481590542 347
636785826481746792 347
636785826482381557 347
636785826482684292 347
636785826483016323 348
636785826483172573 347
636785826483699917 347
636785826483924526 346
636785826484100307 347
636785826484578823 347
636785826484871792 346
636785826485037807 346
636785826485174526 346
636785826486297573 348
636785826486434292 348
636785826486746792 349
636785826487069057 348
636785826487244839 348
636785826487528042 348
636785826487860073 348
636785826488153042 349
636785826488426479 348
636785826489100307 347
636785826489569057 347
636785826490047573 347
636785826490350307 347
636785826490662807 348
636785826490828823 349
636785826492235073 348
636785826492684292 346
636785826492850307 346
636785826493143276 347
636785826493416714 347
636785826493631557 347
636785826494901089 348
636785826495184292 346
636785826495506557 347
636785826495828823 346
636785826495965542 347
636785826496112026 348
636785826496854214 347
636785826497420620 347
636785826497684292 347
636785826497996792 347
636785826498113979 348
636785826499071010 347
636785826499305385 349
636785826499354214 348
636785826499559292 348
636785826499862026 348
636785826500194057 347
636785826501444057 348
636785826501541714 348
636785826501854214 348
636785826502049526 347
636785826502225307 347
636785826502401089 347
636785826502791714 347
636785826503328823 349
636785826503787807 347
636785826504100307 348
636785826504256557 348
636785826504412807 346
636785826504578823 347
636785826504979214 347
636785826505330776 347
636785826505809292 347
636785826505955776 347
636785826506112026 347
636785826506238979 347
636785826506580776 346
636785826506854214 346
636785826507176479 347
636785826507381557 347
636785826507987026 348
636785826508133510 347
636785826508309292 347
636785826508426479 346
636785826508670620 346
636785826508953823 347
636785826509041714 346
636785826509686245 346
636785826509891323 345
636785826510672573 348
636785826511121792 347
636785826511453823 347
636785826511766323 348
636785826511903042 347
636785826512069057 348
636785826512401089 348
636785826512694057 345
636785826512840542 347
636785826513153042 345
636785826513748745 348
636785826514910854 348
636785826514998745 348
636785826515194057 347
636785826516229214 346
636785826516453823 347
636785826517215542 348
636785826517850307 347
636785826518416714 347
636785826518680385 348
636785826518934292 346
636785826519100307 347
636785826520330776 346
636785826520828823 347
636785826521434292 347
636785826521824917 346
636785826521883510 347
636785826522401089 347
636785826522508510 347
636785826522860073 347
636785826523016323 347
636785826523787807 346
636785826523934292 347
636785826524090542 348
636785826524256557 347
636785826524422573 346
636785826524754604 348
636785826525047573 347
636785826525174526 347
636785826525330776 348
636785826525506557 349
636785826525672573 348
636785826525985073 347
636785826526151089 347
636785826526238979 348
636785826526434292 347
636785826527166714 347
636785826527401089 348
636785826527498745 348
636785826527830776 348
636785826528094448 348
636785826528309292 348
636785826529110073 347
636785826529295620 346
636785826529569057 346
636785826529930385 346
636785826530301479 347
636785826530565151 348
636785826530819057 347
636785826530994839 347
636785826531229214 347
636785826531551479 347
636785826531893276 348
636785826533729214 347
636785826534100307 347
636785826534578823 348
636785826534744839 348
636785826535057339 348
636785826535594448 346
636785826536141323 347
636785826536424526 346
636785826536600307 347
636785826536824917 347
636785826537850307 346
636785826537996792 346
636785826538826870 346
636785826540350307 347
636785826540545620 347
636785826541141323 347
636785826541307339 347
636785826541424526 347
636785826542225307 348
636785826542479214 347
636785826542694057 348
636785826543328823 347
636785826543494839 347
636785826543621792 347
636785826543934292 347
636785826544100307 347
636785826544315151 348
636785826544725307 347
636785826545809292 347
636785826546580776 348
636785826546737026 347
636785826546912807 347
636785826547440151 347
636785826547850307 347
636785826547987026 345
636785826548319057 346
636785826548641323 347
636785826548817104 348
636785826549266323 347
636785826550184292 347
636785826550330776 348
636785826550526089 347
636785826551600307 347
636785826551854214 347
636785826552166714 347
636785826552703823 348
636785826552860073 348
636785826553162807 347
636785826553494839 347
636785826553641323 347
636785826553934292 346
636785826554295620 347
636785826554354214 348
636785826555350307 346
636785826555565151 347
636785826555633510 348
636785826556942104 348
636785826557235073 347
636785826557381557 347
636785826557547573 348
636785826557684292 347
636785826557850307 347
636785826558026089 347
636785826558162807 348
636785826558494839 347
636785826558758510 347
636785826558934292 347
636785826559285854 347
636785826559451870 347
636785826559725307 347
636785826560203823 347
636785826560516323 347
636785826560653042 346
636785826560838589 347
636785826560985073 347
636785826562186245 348
636785826562791714 346
636785826563104214 346
636785826563319057 347
636785826563807339 348
636785826564041714 348
636785826564979214 347
636785826565184292 346
636785826565330776 347
636785826565916714 346
636785826566199917 346
636785826566278042 347
636785826566444057 346
636785826566590542 347
636785826566805385 349
636785826568328823 348
636785826569412807 347
636785826570682339 347
636785826570955776 347
636785826571229214 346
636785826571424526 345
636785826572078823 347
636785826572235073 346
636785826573123745 348
636785826573328823 347
636785826573436245 348
636785826573934292 347
636785826574363979 346
636785826574559292 347
636785826574979214 347
636785826575194057 347
636785826575360073 346
636785826576561245 346
636785826577078823 348
636785826577684292 347
636785826577850307 347
636785826578074917 346
636785826578309292 346
636785826578455776 348
636785826578631557 347
636785826578729214 347
636785826579051479 348
636785826579383510 348
636785826579569057 348
636785826579666714 348
636785826579910854 347
636785826580819057 347
636785826580975307 347
636785826581160854 347
636785826581600307 346
636785826582196010 347
636785826582850307 346
636785826583006557 347
636785826583660854 348
636785826584588589 348
636785826584744839 350
636785826585194057 348
636785826585350307 348
636785826585535854 346
636785826585701870 346
636785826586121792 347
636785826586590542 347
636785826586746792 346
636785826586893276 347
636785826587225307 347
636785826587479214 347
636785826588153042 347
636785826588485073 347
636785826588651089 347
636785826588944057 347
636785826589061245 346
636785826589246792 345
636785826589715542 347
636785826590809292 348
636785826590916714 348
636785826591326870 348
636785826591444057 348
636785826591590542 346
636785826592244839 345
636785826592410854 346
636785826592508510 347
636785826592821010 346
636785826593006557 347
636785826593319057 349
636785826593436245 347
636785826593699917 347
636785826594110073 347
636785826594305385 348
636785826595184292 346
636785826596268276 348
636785826596444057 348
636785826596805385 347
636785826597528042 346
636785826597996792 347
636785826598319057 348
636785826598944057 348
636785826599344448 347
636785826599559292 346
636785826599862026 347
636785826600174526 348
636785826600574917 348
636785826600809292 347
636785826600955776 346
636785826601209682 348
636785826601453823 347
636785826601746792 347
636785826602088589 346
636785826602244839 347
636785826602381557 348
636785826602694057 347
636785826602987026 348
636785826603162807 348
636785826603319057 348
636785826603953823 346
636785826604100307 346
636785826604324917 347
636785826604383510 347
636785826604588589 346
636785826605223354 347
636785826606580776 347
636785826607069057 346
636785826607225307 347
636785826607420620 346
636785826607537807 347
636785826607674526 348
636785826608055385 348
636785826608328823 348
636785826608436245 348
636785826609276089 347
636785826609383510 347
