636785824999928822 348
636785825001695822 348
636785825002009697 347
636785825002579322 348
636785825002753697 347
636785825003625572 348
636785825004811322 346
636785825004985697 346
636785825005880822 349
636785825006136572 348
636785825006473697 348
636785825006868947 346
636785825006985197 345
636785825007240947 347
636785825007357197 349
636785825008554572 348
636785825008787072 348
636785825008856822 349
636785825009170697 349
636785825009484572 348
636785825010007697 348
636785825010333197 348
636785825010588947 349
636785825011379447 348
636785825011449197 348
636785825011693322 347
636785825012065322 347
636785825012541947 348
636785825012855822 348
636785825013611447 349
636785825014343822 347
636785825015041322 348
636785825015831822 348
636785825016203822 347
636785825016296822 347
636785825016552572 347
636785825017029197 348
636785825017412822 347
636785825019528572 347
636785825019958697 348
636785825021876822 348
636785825022992822 347
636785825023295072 347
636785825023353197 347
636785825023643822 348
636785825023725197 347
636785825024457572 349
636785825025643322 348
636785825025910697 348
636785825027154572 348
636785825027340572 348
636785825028096197 347
636785825029991072 346
636785825030037572 347
636785825030723447 348
636785825031141947 348
636785825031420947 347
636785825031537197 348
636785825031897572 349
636785825033339072 348
636785825034408572 349
636785825034548072 348
636785825034896822 348
636785825035187447 348
636785825035257197 349
636785825035919822 347
636785825036245322 346
636785825036361572 347
636785825036675447 347
636785825036780072 349
636785825037372947 346
636785825037861197 348
636785825038140197 347
636785825038965572 347
636785825039244572 348
636785825039337572 348
636785825039953697 346
636785825040395447 345
636785825040779072 348
636785825040837197 348
636785825041081322 348
636785825041592822 347
636785825042615822 349
636785825043022697 348
636785825044208447 347
636785825044545572 348
636785825045196572 347
636785825045638322 348
636785825045975447 348
636785825046056822 348
636785825046690392 347
636785825047684377 349
636785825048029656 348
636785825048092434 349
636785825048322620 349
636785825048448176 349
636785825048751603 348
636785825049034104 347
636785825049452624 348
636785825049735125 350
636785825049996700 349
636785825050436146 350
636785825050739573 349
636785825051074389 348
636785825051335964 347
636785825051440594 346
636785825052005596 348
636785825052382264 348
636785825052696154 348
636785825053062359 348
636785825053418101 348
636785825053742454 348
636785825054129585 349
636785825054401623 347
636785825054725976 346
636785825055123570 347
636785825055364219 347
636785825055740887 348
636785825056002462 347
636785825056546538 348
636785825056713946 346
636785825058074136 348
636785825058775157 347
636785825059476178 348
636785825060020254 348
636785825060417848 349
636785825060773590 347
636785825060815442 347
636785825061778038 348
636785825062154706 348
636785825062426744 348
636785825062709245 350
636785825062834801 348
636785825063441655 347
636785825063514896 347
636785825063786934 348
636785825064090361 346
636785825064163602 347
636785825064467029 348
636785825064749530 348
636785825065126198 347
636785825065502866 346
636785825065795830 346
636785825066078331 347
636785825066517777 346
636785825066842130 347
636785825067135094 348
636785825068118616 348
636785825068422043 347
636785825068851026 348
636785825069468343 349
636785825070786681 348
636785825070859922 348
636785825071540017 347
636785825071770203 346
636785825071937611 346
636785825072199186 347
636785825072617706 348
636785825072753725 349
636785825073486135 347
636785825073820951 347
636785825073873266 347
636785825074501046 346
636785825074888177 349
636785825075149752 348
636785825075243919 348
636785825075557809 348
636785825075955403 347
636785825076154200 347
636785825076227441 347
636785825076509942 347
636785825076823832 347
636785825077807354 349
636785825078110781 348
636785825078225874 348
636785825078885043 348
636785825080799772 346
636785825080914865 347
636785825081574034 347
636785825082808668 346
636785825083195799 347
636785825083949135 348
636785825084147932 348
636785825084263025 348
636785825084880342 348
636785825085152380 348
636785825085811549 350
636785825086167291 349
636785825086554422 347
636785825087496092 349
636785825088605170 346
636785825088908597 346
636785825088960912 347
636785825090530362 347
636785825090938419 347
636785825091199994 348
636785825091921941 349
636785825092905463 348
636785825093920374 346
636785825094244727 348
636785825094516765 348
636785825094631858 348
636785825095657232 348
636785825096975570 348
636785825097216219 349
636785825097561498 348
636785825097938166 348
636785825098021870 348
636785825098283445 347
636785825098942614 348
636785825099570394 347
636785825100062155 347
636785825100941047 346
636785825101275863 347
636785825101349104 348
636785825101568827 349
636785825101945495 348
636785825102552349 348
636785825102949943 349
636785825103619575 348
636785825103692816 349
636785825103902076 349
636785825104268281 347
636785825104707727 347
636785825105011154 347
636785825105262266 347
636785825105628471 349
636785825106245788 347
636785825106591067 346
636785825106988661 349
636785825107982646 347
636785825108369777 346
636785825108662741 346
636785825108767371 347
636785825110964601 348
636785825111309880 349
636785825111477288 347
636785825111707474 346
636785825112094605 348
636785825112628218 348
636785825113004886 347
636785825114668503 347
636785825114951004 348
636785825115076560 347
636785825115411376 348
636785825115620636 348
636785825116363509 346
636785825116959900 348
636785825117315642 347
636785825117639995 348
636785825117734162 347
636785825118696758 347
636785825119314075 349
636785825119659354 347
636785825119784910 346
636785825120998618 349
636785825121124174 349
636785825121689176 348
636785825122034455 348
636785825122442512 348
636785825122651772 346
636785825122819180 347
636785825123101681 347
636785825123373719 347
636785825123426034 347
636785825123656220 347
636785825124001499 347
636785825124712983 348
636785825124838539 348
636785825125361689 347
636785825126052247 347
636785825126115025 349
636785825126376600 349
636785825127736790 347
636785825128123921 347
636785825128364570 346
636785825128793553 347
636785825129379481 349
636785825129798001 348
636785825130132817 347
636785825130373466 347
636785825130760597 347
636785825131032635 347
636785825131126802 347
636785825131566248 347
636785825131733656 348
636785825132382362 346
636785825132466066 347
636785825132748567 346
636785825133083383 348
636785825133554218 348
636785825133711163 347
636785825133815793 348
636785825134087831 348
636785825134359869 347
636785825134474962 349
636785825134820241 347
636785825135092279 347
636785825135856078 349
636785825136410617 349
636785825137153490 348
636785825137373213 347
636785825137739418 346
636785825138116086 346
636785825139162386 348
636785825139423961 347
636785825140177297 346
636785825140784151 347
636785825141192208 347
636785825141401468 347
636785825141527024 347
636785825142123415 348
636785825142447768 347
636785825142803510 346
636785825142866288 346
636785825143075548 347
636785825143452216 347
636785825143797495 347
636785825143870736 348
636785825144163700 350
636785825144477590 349
636785825145429723 347
636785825145806391 347
636785825146224911 347
636785825147166581 347
636785825147417693 347
636785825147532786 349
636785825147815287 348
636785825147878065 348
636785825148150103 347
636785825149499830 348
636785825150158999 347
636785825150483352 349
636785825150880946 347
636785825151466874 350
636785825151655208 350
636785825152167895 348
636785825152460859 347
636785825152847990 347
636785825153109565 347
636785825153815822 347
636785825155652137 347
636785825156217157 348
636785825156819845 348
636785825157996970 347
636785825158430152 347
636785825158684411 348
636785825159513107 348
636785825159663779 349
636785825159823868 348
636785825160144046 348
636785825161358839 346
636785825162046280 349
636785825162564215 348
636785825162818474 349
636785825163176320 349
636785825163449413 348
636785825163515332 347
636785825163713089 346
636785825164362862 348
636785825165022052 349
636785825166161509 347
636785825166312181 349
636785825166773614 347
636785825167395136 349
636785825167508140 348
636785825167752982 348
636785825168581678 346
636785825169222034 348
636785825169259702 347
636785825169513961 347
636785825169843556 348
636785825170097815 348
636785825170992430 348
636785825172565069 346
636785825173685692 347
636785825174589724 348
636785825174674477 347
636785825174928736 347
636785825175569092 347
636785825175813934 345
636785825176115278 346
636785825176491958 347
636785825176774468 348
636785825177019310 348
636785825177678500 348
636785825178224686 348
636785825178497779 348
636785825179439479 347
636785825179731406 347
636785825179787908 346
636785825180051584 347
636785825180277592 347
636785825180626021 347
636785825181021535 348
636785825181850231 348
636785825182151575 348
636785825182754263 347
636785825183347534 347
636785825183639461 347
636785825184552910 349
636785825185099096 349
636785825185748869 347
636785825186134966 347
636785825186332723 347
636785825187029581 347
636785825187293257 347
636785825187594601 347
636785825187858277 349
636785825187924196 348
636785825188253791 348
636785825189195491 348
636785825189638090 347
636785825189930017 346
636785825190043021 348
636785825190579790 347
636785825190909385 346
636785825191464988 347
636785825192077093 348
636785825192632696 348
636785825193404890 347
636785825193894574 347
636785825194195918 346
636785825194506679 346
636785825195467213 346
636785825195655553 347
636785825195796808 348
636785825196060484 348
636785825196898597 348
636785825197058686 347
636785825197567204 347
636785825198160475 347
636785825198442985 347
636785825198706661 347
636785825198866750 348
636785825199582442 348
636785825199676612 348
636785825200533559 348
636785825200881988 348
636785825201437591 349
636785825202040279 347
636785825202322789 346
636785825202671218 348
636785825203217404 347
636785825203490497 348
636785825203622335 348
636785825204451031 350
636785825205355063 346
636785825205646990 347
636785825206541605 346
636785825207153710 347
636785825207285548 346
636785825207756398 347
636785825208971191 348
636785825210779255 348
636785825211071182 346
636785825211381943 346
636785825211438445 347
636785825212088218 346
636785825212285975 347
636785825212530817 345
636785825212926331 346
636785825213557270 347
636785825213764444 348
636785825213915116 349
636785825214150541 349
636785825214395383 349
636785825214442468 349
636785825215308832 346
636785825216467123 347
636785825216551876 349
636785825216947390 347
636785825217427657 346
636785825218002094 348
636785825218265770 348
636785825218359940 347
636785825218557697 346
636785825220120919 347
636785825220780109 345
636785825222202076 348
636785825222277412 349
636785825222550505 347
636785825222842432 349
636785825224612828 348
636785825224885921 348
636785825225366188 347
636785825226100714 348
636785825226194884 346
636785825226449143 347
636785825226769321 347
636785825227004746 347
636785825227136584 346
636785825227400260 347
636785825227965280 346
636785825229161239 346
636785825229472000 347
636785825229726259 348
636785825230065271 348
636785825230432534 349
636785825230620874 350
636785825230978720 349
636785825231590825 347
636785825233022209 346
636785825233182298 346
636785825233361221 346
636785825233436557 346
636785825234284087 347
636785825234538346 347
636785825234651350 348
636785825234858524 349
636785825235178702 348
636785825235451795 349
636785825235545965 349
636785825235837892 347
636785825236073317 347
636785825237871964 347
636785825238013219 347
636785825239246846 348
636785825239774198 346
636785825240282716 349
636785825240612311 348
636785825242213201 347
636785825242363873 347
636785825243588083 348
636785825243908261 348
636785825244529783 348
636785825244849961 347
636785825245123054 348
636785825245179556 348
636785825245688074 349
636785825246093005 347
636785825246403766 348
636785825246601523 347
636785825246949952 346
636785825247279547 348
636785825247514972 348
636785825247825733 348
636785825248692097 348
636785825249492542 347
636785825250291097 347
636785825251053847 348
636785825251596247 347
636785825251909822 347
636785825252087797 348
636785825252214922 347
636785825252443747 348
636785825252664097 347
636785825253231922 349
636785825254087897 348
636785825254257397 348
636785825254392997 347
636785825254537072 347
636785825254926922 348
636785825255655772 348
636785825256028672 347
636785825256477847 348
636785825256740572 348
636785825256791422 347
636785825257079572 346
636785825257689772 347
636785825258105047 348
636785825258918647 348
636785825259791572 349
636785825259994972 348
636785825260384822 347
636785825260783147 347
636785825260918747 348
636785825261359447 346
636785825261596747 347
636785825261901847 348
636785825262173047 348
636785825262486622 349
636785825262774772 350
636785825263630747 348
636785825263766347 347
636785825264071447 349
636785825264334172 348
636785825264385022 347
636785825264859622 347
636785825265478297 346
636785825266020697 347
636785825266308847 348
636785825267876722 348
636785825268130972 349
636785825268181822 349
636785825268469972 348
636785825268961522 348
636785825269224247 347
636785825269275097 346
636785825269503922 345
636785825269741222 346
636785825270122597 346
636785825270258197 346
636785825270910772 348
636785825271139597 347
636785825271173497 348
636785825271351472 348
636785825271631147 348
636785825271944722 347
636785825271978622 347
636785825272190497 347
636785825272470172 348
636785825273851597 351
636785825274377047 349
636785825274639772 349
636785825274699097 350
636785825275444897 348
636785825275749997 347
636785825275944922 348
636785825276097472 347
636785825276546647 347
636785825277046672 349
636785825277682297 345
636785825278987447 346
636785825279224747 347
636785825279504422 346
636785825279589172 345
636785825279911222 346
636785825280360397 348
636785825280623122 347
636785825280868897 347
636785825281114672 347
636785825281428247 348
636785825282207947 347
636785825283063922 348
636785825283131722 348
636785825283360547 349
636785825283589372 349
636785825283640222 348
636785825284097872 346
636785825284241947 346
636785825284775872 346
636785825285996272 347
636785825286640372 348
636785825286843772 348
636785825287131922 348
636785825287614997 348
636785825288199772 348
636785825288547247 347
636785825288767597 346
636785825289030322 346
636785825289504922 347
636785825289852397 347
636785825290072747 348
636785825290216822 348
636785825290326997 347
636785825291242297 347
636785825291733847 347
