636785809812297464 521
636785809813547464 523
636785809813908792 522
636785809814309182 523
636785809815705667 523
636785809816008401 525
636785809816340432 523
636785809816652932 523
636785809816809182 523
636785809817756448 522
636785809817922464 521
636785809818059182 523
636785809818215432 525
636785809818322854 523
636785809818527932 522
636785809818889260 529
636785809819191995 524
636785809819514260 525
636785809819816995 524
636785809820158792 525
636785809820549417 522
636785809821027932 519
636785809821145120 522
636785809821418557 524
636785809821467385 525
636785809822014260 525
636785809822287698 522
636785809822434182 522
636785809822922464 519
636785809824182229 539
636785809824650979 525
636785809824777932 526
636785809826193948 523
636785809826359964 522
636785809827902932 524
636785809828391214 524
636785809828645120 521
636785809828908792 522
636785809829133401 522
636785809829299417 521
636785809829602151 524
636785809829787698 521
636785809829885354 519
636785809831779885 524
636785809831984964 522
636785809832268167 526
636785809832629495 524
636785809833264260 523
636785809833400979 521
636785809834553323 521
636785809835149026 520
636785809835783792 530
636785809836135354 524
636785809836496682 520
636785809836643167 520
636785809836809182 518
636785809836994729 520
636785809837268167 519
636785809837434182 522
636785809837580667 522
636785809837746682 523
636785809837902932 524
636785809838059182 520
636785809838371682 520
636785809838518167 520
636785809838684182 520
636785809838840432 524
636785809839660745 525
636785809839895120 524
636785809840236917 520
636785809840441995 520
636785809840891214 531
636785809841369729 524
636785809841682229 522
636785809842082620 523
636785809842707620 522
636785809843234964 525
636785809843527932 522
636785809843654885 524
636785809843938089 522
636785809844914651 521
636785809845266214 524
636785809845910745 524
636785809846340432 527
636785809846477151 525
636785809846682229 527
636785809846994729 527
636785809847092385 526
636785809847922464 522
636785809848361917 523
636785809848537698 538
636785809849289651 522
636785809851027932 523
636785809851408792 525
636785809851682229 524
636785809851994729 521
636785809852434182 523
636785809852600198 526
636785809852746682 526
636785809852912698 523
636785809853205667 525
636785809853684182 521
636785809853840432 520
636785809853986917 522
636785809854182229 521
636785809854494729 521
636785809854641214 520
636785809854758401 522
636785809854895120 537
636785809855422464 525
636785809855764260 524
636785809855813089 524
636785809856018167 522
636785809856184182 520
636785809856799417 527
636785809856945901 526
636785809857121682 527
636785809858889260 522
636785809859504495 524
636785809860402932 524
636785809860734964 525
636785809860842385 527
636785809861027932 523
636785809861184182 521
636785809861486917 523
636785809861984964 523
636785809862268167 522
636785809862609964 525
636785809862912698 521
636785809864787698 522
636785809864934182 522
636785809865100198 518
636785809865432229 518
636785809865910745 520
636785809866018167 523
636785809866770120 519
636785809867053323 519
636785809867277932 523
636785809867434182 522
636785809868635354 524
636785809868986917 522
636785809869318948 523
636785809869621682 525
636785809869768167 523
636785809869895120 527
636785809870402932 520
636785809870822854 523
636785809872268167 520
636785809872434182 521
636785809872736917 523
636785809872922464 521
636785809873010354 521
636785809873244729 520
636785809873332620 523
636785809873557229 525
636785809873840432 526
636785809874006448 539
636785809874143167 529
636785809874309182 527
636785809874455667 527
636785809874611917 527
636785809875109964 525
636785809875188089 525
636785809875402932 527
636785809875715432 522
636785809876516214 521
636785809876662698 523
636785809876828714 523
636785809876965432 531
636785809877639260 526
636785809877697854 522
636785809878400979 526
636785809878693948 524
636785809878840432 524
636785809879777932 529
636785809879895120 525
636785809880227151 523
636785809880871682 527
636785809881018167 524
636785809881340432 521
636785809881965432 524
636785809882902932 528
636785809883684182 525
636785809884348245 523
636785809884484964 523
636785809884650979 523
636785809884904885 525
636785809885806245 526
636785809886085537 524
636785809887578675 521
636785809887814999 524
636785809888180227 521
636785809888362841 522
636785809888502487 522
636785809888609907 521
636785809888975135 534
636785809889265169 529
636785809889544461 535
636785809889641139 526
636785809890221207 526
636785809890403821 523
636785809890747565 524
636785809892101057 524
636785809892305155 523
636785809892477027 523
636785809892810029 521
636785809893400839 523
636785809893422323 525
636785809894743589 523
636785809896859763 529
636785809897955447 526
636785809898127319 526
636785809898847033 527
636785809899201519 528
636785809899308939 530
636785809899620457 529
636785809899846039 526
636785809900028653 526
636785809900522785 526
636785809900694657 528
636785809903047155 525
636785809904679939 526
636785809904873295 525
636785809905206297 522
636785809905356685 525
636785809905464105 524
636785809905883043 529
636785809906226787 525
636785809906452369 522
636785809906710177 525
636785809906892791 527
636785809908095895 525
636785809908450381 526
636785809909159353 523
636785809909460129 526
636785809909922035 530
636785809910545071 527
636785809912392695 543
636785809913284281 528
636785809913595799 531
636785809913939543 525
636785809914960033 537
636785809915131905 533
636785809915421939 544
636785809915647521 536
636785809917398467 522
636785809918128923 524
636785809918397473 523
636785809919632803 525
636785809919804675 533
636785809919912095 534
636785809920470679 533
636785809921974559 528
636785809922361271 538
636785809922533143 531
636785809922876887 532
636785809923038017 527
636785809923231373 523
636785809923328051 522
636785809923607343 535
636785809923768473 534
636785809923929603 540
636785809924262605 540
636785809925734259 534
636785809926711781 535
636785809926991073 534
636785809927334817 530
636785809927517431 532
636785809928043789 529
636785809928183435 531
636785809928849439 540
636785809929075021 534
636785809930224415 530
636785809930460739 533
636785809930621869 533
636785809930793741 535
636785809931158969 528
636785809931330841 527
636785809931653101 527
636785809932576913 532
636785809932845463 530
636785809933232175 527
636785809935412801 527
636785809936121773 527
636785809936282903 530
636785809936444033 539
636785809937346361 531
636785809937443039 530
636785809938044591 528
636785809938334625 526
636785809939419567 529
636785809939709601 527
636785809939892215 526
636785809940128539 530
636785809940278927 528
636785809941439063 540
636785809941782807 536
636785809942459553 533
636785809943651915 525
636785809943834529 533
636785809945080601 530
636785809945230989 531
636785809945402861 529
636785809945671411 528
636785809945950703 528
636785809946595223 527
636785809946724127 525
636785809947293453 524
636785809948077619 524
636785809948346169 523
636785809948496557 528
636785809948657687 529
636785809948829559 526
636785809949033657 530
636785809949216271 529
636785809949517047 524
636785809950591247 522
636785809950849055 522
636785809951235767 520
636785809952266999 524
636785809953137101 522
636785809953470103 521
636785809954372431 520
636785809954512077 520
636785809954845079 526
636785809955253275 520
636785809955543309 521
636785809955661471 527
636785809955940763 528
636785809956058925 535
636785809956746413 528
636785809957315739 523
636785809958142873 517
636785809959335235 521
636785809959646753 521
636785809960162369 522
636785809960688727 557
636785809960860599 545
636785809961182859 549
636785809962600803 529
636785809962751191 532
636785809963073451 540
636785809963503131 538
636785809963911327 540
636785809964459169 546
636785809964577331 538
636785809964921075 543
636785809965189625 546
636785809965522627 546
636785809966553859 556
636785809966747215 550
636785809966983539 541
636785809967230605 538
636785809967638801 531
636785809967939577 528
636785809968326289 529
636785809968766711 527
636785809969432715 526
636785809969722749 525
636785809969969815 525
636785809970152429 531
636785809970324301 528
636785809970700271 528
636785809970764723 527
636785809971022531 529
636785809971194403 528
636785809971334049 525
636785809971720761 521
636785809972247119 522
636785809972418991 522
636785809972580121 523
636785809972891639 522
636785809973181673 519
636785809974545907 537
636785809975125975 534
636785809975577139 535
636785809976339821 529
636785809976554661 531
636785809977188439 543
636785809977639603 549
636785809977875927 549
636785809978047799 544
636785809978939385 532
636785809979283129 531
636785809979573163 533
636785809979927649 536
636785809980045811 536
636785809980325103 541
636785809980754783 537
636785809980969623 531
636785809981141495 530
636785809981345593 529
636785809982022339 524
636785809982516471 522
636785809982720569 521
636785809982881699 521
636785809983225443 522
636785809983375831 523
636785809983848479 527
636785809984428547 524
636785809985266423 528
636785809986233203 525
636785809986469527 519
636785809986641399 519
636785809986824013 525
636785809986974401 523
636785809987833761 542
636785809987973407 535
636785809988274183 529
636785809988531991 522
636785809988703863 530
636785809988864993 533
636785809990422583 534
636785809990948941 534
636785809991077845 533
636785809991421589 533
636785809991657913 534
636785809992130561 529
636785809992313175 531
636785809992828791 531
636785809993011405 535
636785809993462569 541
636785809993731119 545
636785809994074863 544
636785809994429349 556
636785809994901997 559
636785809995073869 559
636785809995419763 566
636785809995748475 562
636785809996019179 554
636785809996135195 551
636785809997034319 532
636785809997595063 534
636785809998049459 538
636785809999141943 531
636785809999306299 528
636785809999731691 528
636785809999857375 529
636785810000205423 526
636785810000650151 526
636785810000959527 526
636785810001394587 529
636785810001926327 530
636785810002197031 534
636785810003241175 527
636785810003540883 526
636785810003782583 527
636785810004072623 532
636785810004198307 531
636785810004488347 535
636785810004662371 534
636785810004836395 530
636785810005300459 527
636785810005445479 531
636785810005706515 534
636785810006373607 535
636785810008568243 528
636785810009003303 525
636785810009796079 525
636785810009941099 525
636785810010086119 529
636785810010289147 526
636785810010424499 526
636785810010878895 521
636785810010985243 521
636785810011246279 526
636785810011826359 526
636785810011903703 527
636785810012106731 539
636785810012406439 525
636785810012715815 528
636785810013063863 545
636785810013218551 543
636785810013344235 535
636785810013508591 527
636785810013750291 520
636785810013982323 520
636785810014069335 520
636785810014456055 525
636785810015384183 550
636785810015538871 541
636785810015819243 537
636785810016225299 523
636785810016583015 520
636785810016747371 523
636785810017221103 520
636785810017404795 524
636785810017472471 523
636785810018400599 527
636785810018680971 524
636785810019406071 525
636785810019522087 523
636785810019841131 522
636785810020285859 524
636785810020527559 528
636785810020556563 529
636785810021126975 526
636785810021368675 526
636785810021542699 526
636785810021716723 526
636785810021890747 528
636785810022122779 532
636785810022374147 526
636785810022983231 531
636785810023253935 529
636785810023398955 525
636785810023543975 526
636785810023708331 527
636785810024201399 526
636785810024791147 525
636785810024945835 525
636785810025255211 527
636785810025477575 527
636785810026028651 532
636785810026657071 537
636785810026802091 542
636785810028503659 527
636785810029151415 526
636785810029431787 529
636785810029789503 529
636785810030176223 526
636785810030369583 528
636785810031075347 527
636785810031326715 534
636785810031404059 544
636785810031626423 532
636785810031906795 529
636785810032216171 526
636785810032361191 525
636785810032999279 531
636785810033144299 536
636785810033269983 529
636785810033792055 524
636785810034149771 537
636785810034372135 529
636785810034671843 529
636785810034845867 529
636785810035106903 526
636785810035358271 527
636785810035735323 532
636785810035967355 526
636785810036566771 541
636785810036731127 533
636785810036847143 526
636785810037233863 526
636785810037659255 527
636785810037804275 525
636785810038142655 522
636785810038558379 526
636785810038693731 539
636785810039061115 529
636785810039322151 527
636785810039486507 523
636785810039786215 526
636785810040279283 523
636785810040695007 534
636785810040956043 544
636785810040975379 537
636785810041236415 544
636785810041555459 532
636785810041797159 527
636785810041903507 524
636785810043199019 524
636785810044088475 525
636785810044281835 521
636785810045287307 525
636785810045325979 525
636785810046263775 524
636785810046457135 523
636785810047085555 523
636785810047220907 523
636785810047704307 523
636785810048004015 524
636785810048091027 520
636785810048613099 525
636785810049038491 522
636785810049831267 525
636785810049956951 528
636785810050469355 528
636785810051107443 525
636785810051204123 524
636785810051697191 525
636785810052112915 524
636785810052480299 524
636785810053099051 524
636785810053253739 522
636785810053350419 524
636785810053737139 525
636785810054549251 525
636785810054597591 524
636785810054916635 522
636785810055109995 523
636785810055206675 525
636785810055796423 538
636785810056047791 532
636785810056192811 527
636785810056482851 528
636785810056772891 527
636785810056975919 526
636785810057275627 526
636785810057372307 539
636785810057691351 526
636785810058058735 533
636785810058242427 535
636785810058522799 529
636785810058667819 532
636785810058899851 527
636785810058948191 527
636785810059943995 529
636785810060098683 522
636785810061606891 525
636785810061974275 527
636785810062012947 525
636785810062244979 527
636785810062399667 526
636785810062631699 522
636785810063192443 523
636785810063492151 526
636785810063820863 533
636785810064062563 531
636785810064710319 523
636785810065126043 524
636785810065309735 523
636785810065773799 522
636785810065967159 523
636785810066440891 525
636785810066556907 523
636785810067214331 522
636785810067543043 525
636785810067668727 525
636785810068413163 520
636785810068529179 524
636785810068848223 531
636785810069022247 528
636785810069379963 527
636785810069689339 529
636785810069834359 525
636785810069969711 523
636785810070414439 530
636785810070578795 526
636785810070868835 525
636785810071042859 527
636785810071216883 531
636785810071661611 528
636785810071816299 528
636785810072290031 524
636785810072541399 522
636785810073353511 526
636785810073711227 526
636785810074097947 528
636785810074339647 524
636785810074465331 526
636785810074697363 527
636785810074968067 525
636785810075006739 526
636785810075209767 533
636785810075548147 533
636785810075722171 527
636785810076012211 525
636785810076166899 525
636785810076466607 529
636785810076862995 525
636785810077201375 522
636785810077423739 521
636785810077510751 520
636785810078110167 528
636785810078622571 526
636785810078931947 528
636785810079250991 525
636785810079357339 524
636785810080314471 522
636785810080469159 524
636785810080614179 520
636785810080788203 518
636785810080952559 526
636785810081194259 525
636785810081522971 527
636785810081716331 527
636785810082064379 530
636785810082441431 523
636785810082654127 525
636785810082750807 522
636785810082992507 524
636785810083272879 524
636785810083611259 523
636785810083669267 523
636785810084645735 526
636785810084829427 528
636785810085109799 536
636785810085419175 532
636785810085544859 529
636785810085738219 525
636785810086859707 522
636785810087149747 523
636785810087294767 524
636785810087584807 531
636785810087739495 525
636785810088628951 524
636785810088938327 527
636785810089470067 524
636785810089876123 526
636785810090059815 522
636785810090214503 520
636785810090678567 522
636785810090823587 524
636785810091007279 530
636785810091142631 525
636785810091297319 523
636785810091413335 521
636785810092041755 521
636785810092931211 524
636785810093172911 522
636785810093337267 525
636785810093772327 525
636785810093936683 523
636785810094081703 521
636785810094673377 522
636785810095099726 532
636785810095273746 532
636785810095325952 529
636785810095508673 525
636785810095795806 525
636785810096065537 530
636785810096343969 527
636785810096622401 526
636785810096770318 523
636785810097040049 527
636785810097318481 528
636785810097457697 523
636785810098580126 539
636785810099398020 523
636785810099737359 522
636785810100059296 521
636785810100511748 522
636785810100790180 521
636785810101521064 526
636785810102025722 523
636785810102486875 526
636785810103313470 546
636785810103452686 534
636785810103713716 530
636785810103870334 528
636785810104000849 524
636785810104140065 527
636785810104279281 525
636785810104549012 523
636785810104688228 523
636785810104801341 524
636785810104966660 524
636785810106202202 526
636785810106393624 525
636785810106532840 523
636785810106811272 521
636785810107576960 527
636785810107846691 521
636785810108177329 522
636785810108316545 524
636785810108594977 526
636785810108908213 526
636785810109047429 532
636785810109143140 526
636785810109534685 525
636785810109769612 526
636785810110535300 524
636785810110683217 539
636785810110857237 547
636785810111092164 541
636785810111518513 530
636785810111962264 525
636785810112640942 525
636785810113180404 520
636785810113363125 518
636785810113424032 521
636785810113711165 522
636785810115903817 528
636785810115947322 524
636785810116225754 529
636785810116486784 522
636785810116660804 523
636785810116956638 527
636785810117226369 526
636785810118644632 524
636785810119036177 526
636785810119227599 523
636785810119445124 522
636785810120115101 520
636785810120576254 524
636785810121150520 521
636785810121281035 523
636785810121428952 522
636785810121515962 523
636785810122055424 529
636785810122229444 525
636785810122377361 525
636785810123064740 523
636785810123351873 522
636785810123491089 528
636785810124047953 540
636785810124187169 533
636785810124822342 522
636785810125179083 522
636785810125309598 522
636785810125579329 522
636785810125875163 521
636785810126014379 522
636785810126118791 521
636785810126223203 523
636785810126414625 525
636785810127102004 525
636785810127241220 527
636785810127345632 522
636785810127528353 524
636785810127667569 521
636785810127928599 521
636785810128241835 522
636785810128772596 524
636785810129007523 540
636785810129207646 533
636785810129468676 544
636785810129816716 525
636785810130190859 524
636785810130356178 525
636785810130730321 523
636785810130869537 524
636785810131008753 526
636785810131139268 525
636785810131278484 527
636785810131426401 527
636785810131696132 523
636785810131983265 521
636785810132113780 534
636785810132548830 530
636785810132635840 528
636785810132827262 526
636785810132922973 524
636785810133140498 521
636785810133392827 522
636785810133775671 527
636785810133923588 524
636785810134819791 522
636785810135046017 523
636785810135176532 522
636785810135620283 518
636785810135750798 516
636785810136142343 523
636785810136533888 524
636785810136707908 522
636785810136855825 522
636785810137699822 527
636785810137821636 524
636785810137960852 525
636785810138195779 525
636785810138961467 523
636785810139248600 530
636785810139396517 525
636785810139605341 524
636785810139848969 524
636785810140066494 525
636785810140205710 535
636785810140475441 527
636785810140605956 527
636785810140927893 528
636785810141310737 528
636785810141458654 529
636785810141867601 528
636785810142137332 526
636785810142311352 525
636785810142415764 524
