636785805900857767 260
636785805901023782 391
636785805901180032 457
636785805901551126 489
636785805902107767 519
636785805902215189 521
636785805902430032 523
636785805902537454 522
636785805902752298 524
636785805902918314 523
636785805903416360 523
636785805904060892 520
636785805904363626 523
636785805905232767 522
636785805905613626 521
636785805905974954 523
636785805907234720 522
636785805907810892 522
636785805908162454 523
636785805908406595 523
636785805909627298 524
636785805909920267 523
636785805910027689 522
636785805910398782 524
636785805910916360 526
636785805912791360 524
636785805913162454 524
636785805913406595 522
636785805914666360 521
636785805914724954 523
636785805914969095 523
636785805915252298 524
636785805916189798 524
636785805916599954 523
636785805916814798 524
636785805917166360 522
636785805917508157 523
636785805917898782 523
636785805918055032 522
636785805918435892 523
636785805918719095 522
636785805918777689 522
636785805919109720 523
636785805919646829 525
636785805919910501 524
636785805920027689 523
636785805920359720 521
636785805920555032 522
636785805920926126 524
636785805921170267 523
636785805921687845 523
636785805921844095 523
636785805922166360 523
636785805922215189 524
636785805922420267 523
636785805923064798 523
636785805923377298 522
636785805923465189 522
636785805923728860 523
636785805924305032 525
636785805924666360 523
636785805925262064 524
636785805925662454 524
636785805926629251 524
636785805926795267 525
636785805927137064 523
636785805927537454 523
636785805927801126 524
636785805928367532 524
636785805928494485 524
636785805928680032 525
636785805928787454 525
636785805929021829 524
636785805929353860 523
636785805929676126 522
636785805930037454 522
636785805930232767 523
636785805930652689 522
636785805930916360 522
636785805931482767 524
636785805931873392 525
636785805932166360 524
636785805932293314 524
636785805933162454 522
636785805933357767 524
636785805934041360 523
636785805934295267 521
636785805934617532 522
636785805934783548 522
636785805935047220 524
636785805935242532 524
636785805935545267 524
636785805936228860 523
636785805936599954 524
636785805936844095 522
636785805937127298 523
636785805937293314 523
636785805937537454 522
636785805937801126 522
636785805938094095 523
636785805938396829 524
636785805938797220 524
636785805939939798 523
636785805940291360 523
636785805940555032 523
636785805940652689 523
636785805940984720 522
636785805941209329 521
636785805941541360 522
636785805941912454 524
636785805942469095 522
636785805942742532 522
636785805942859720 523
636785805943084329 524
636785805943152689 524
636785805944002298 524
636785805944715189 523
636785805944949564 524
636785805945047220 523
636785805945359720 524
636785805945545267 524
636785805945896829 523
636785805946062845 524
636785805946287454 523
636785805946551126 522
636785805947117532 522
636785805947234720 521
636785805947752298 525
636785805948416360 524
636785805948787454 524
636785805949656595 523
636785805951277689 523
636785805951521829 523
636785805952146829 523
636785805952459329 522
636785805952879251 523
636785805953045267 524
636785805953387064 524
636785805953533548 524
636785805953806985 523
636785805954168314 522
636785805954295267 523
636785805954666360 524
636785805955545267 525
636785805957547220 522
636785805958465189 524
636785805958738626 522
636785805959041360 524
636785805959305032 524
636785805959412454 523
636785805959676126 523
636785805959734720 523
636785805960662454 524
636785805960906595 522
636785805961785501 523
636785805961912454 524
636785805962156595 523
636785805962517923 523
636785805962849954 523
636785805963113626 524
636785805963367532 522
636785805963680032 522
636785805963787454 522
636785805964627298 523
636785805964715189 524
636785805964978860 524
636785805965047220 525
636785805965223001 525
636785805965564798 524
636785805967556985 524
636785805968689798 524
636785805969148782 523
636785805970428079 522
636785805970652689 522
636785805970906595 524
636785805971219095 525
636785805972137064 523
636785805972234720 523
636785805973719095 523
636785805974021829 524
636785805974187845 523
636785805974344095 525
636785805974412454 524
636785805974598001 523
636785805975047220 524
636785805975896829 523
636785805977176126 522
636785805977547220 521
636785805977752298 522
636785805978045267 524
636785805978152689 525
636785805978367532 526
636785805978523782 526
636785805978973001 522
636785805979392923 522
636785805979598001 525
636785805979978860 523
636785805980047220 524
636785805980310892 527
636785805981902689 525
636785805982156595 525
636785805983406595 522
636785805983728860 524
636785805984119485 522
636785805984363626 523
636785805984676126 523
636785805984988626 523
636785805986004251 524
636785805986180032 526
636785805986287454 524
636785805986560892 523
636785805986639017 523
636785805987742532 523
636785805988035501 523
636785805988152689 523
636785805988357767 523
636785805988474954 523
636785805988670267 525
636785805988982767 525
636785805989148782 524
636785805989314798 524
636785805989412454 523
636785805990027689 523
636785805990906595 523
636785805991541360 523
636785805991609720 521
636785805992517923 524
636785805992791360 524
636785805993416360 524
636785805993797220 522
636785805993992532 524
636785805995310892 524
636785805995662454 524
636785805995926126 525
636785805996287454 524
636785805996502298 524
636785805997273782 525
636785805997791360 524
636785805998045267 523
636785805998152689 525
636785805998543314 524
636785805999158548 522
636785806000262064 524
636785806000359720 523
636785806000623392 522
636785806000916360 524
636785806001551126 525
636785806001599954 524
636785806001863626 525
636785806002156595 524
636785806002439798 524
636785806002527689 524
636785806002791360 524
636785806003103860 525
636785806003416360 524
636785806003543314 524
636785806003806985 525
636785806004139017 525
636785806004412454 525
636785806005047220 524
636785806006551126 525
636785806006824564 526
636785806006912454 524
636785806007176126 524
636785806007449564 524
636785806007791360 524
636785806008367532 522
636785806008670267 522
636785806009041360 524
636785806009090189 524
636785806009314798 524
636785806009646829 525
636785806009978860 525
636785806010047220 524
636785806010330423 522
636785806010359720 524
636785806010896829 524
636785806010965189 524
636785806011180032 524
636785806011297220 522
636785806012176126 522
636785806012234720 522
636785806012732767 524
636785806014402689 524
636785806014607767 524
636785806014734720 524
636785806015291360 523
636785806015545267 522
636785806016170267 523
636785806016551126 523
636785806017137064 525
636785806017439798 525
636785806017547220 523
636785806018406595 524
636785806018680032 523
636785806018787454 525
636785806019344095 524
636785806019715189 525
636785806020027689 523
636785806020916360 521
636785806021062845 521
636785806021209329 524
636785806021287454 525
636785806022176126 523
636785806022732767 524
636785806023152689 523
636785806023416360 524
636785806023670267 524
636785806024041360 524
636785806024412454 525
636785806024656595 524
636785806025291360 524
636785806025359720 525
636785806025916360 524
636785806026267923 523
636785806026492532 523
636785806026658548 523
636785806027146829 524
636785806027918314 524
636785806028045267 525
636785806028396829 525
636785806028465189 524
636785806029949564 524
636785806031912454 522
636785806033113626 525
636785806033474954 524
636785806033670267 524
636785806034148782 523
636785806035008157 523
636785806036531595 524
636785806036902689 524
636785806037449564 524
636785806037556985 526
636785806039148782 524
636785806039295267 523
636785806039920267 524
636785806040262064 524
636785806040418314 522
636785806041824564 523
636785806042547220 523
636785806042810892 523
636785806043055032 524
636785806043406595 523
636785806043494485 523
636785806043777689 523
636785806045242532 525
636785806045965189 526
636785806048367532 524
636785806048758157 525
636785806050037454 521
636785806050291360 521
636785806050349954 522
636785806050545267 523
636785806051062845 0
636785806051814798 524
636785806052781595 523
636785806053103860 522
636785806053533548 523
636785806053670267 524
636785806053992532 524
636785806054305032 523
636785806054978860 522
636785806055301126 523
636785806055652689 523
636785806055916360 524
636785806056043314 523
636785806056199564 524
636785806057156595 520
636785806057420267 522
636785806057527689 521
636785806057742532 521
636785806058396829 521
636785806058738626 522
636785806059041360 523
636785806059666360 523
636785806059959329 520
636785806060047220 521
636785806061473001 523
636785806061629251 522
636785806061892923 520
636785806062146829 520
636785806063689798 521
636785806064031595 521
636785806064090189 522
636785806067449564 524
636785806067752298 520
636785806067859720 520
636785806068123392 522
636785806068416360 523
636785806068474954 523
636785806069353860 522
636785806069978860 523
636785806070584329 522
636785806070662454 521
636785806071170267 521
636785806072156595 519
636785806072449564 521
636785806072547220 522
636785806072889017 523
636785806073806985 522
636785806074002298 520
636785806074305032 522
636785806074715189 522
636785806074969095 521
636785806075047220 522
636785806076033548 522
636785806076648782 523
636785806076912454 521
636785806077156595 521
636785806078055032 521
636785806078162454 521
636785806078426126 521
636785806078514017 522
636785806079021829 521
636785806079930032 523
636785806080037454 523
636785806080291360 522
636785806080349954 520
636785806080906595 522
636785806081658548 520
636785806082234720 523
636785806082498392 524
636785806082762064 523
636785806083103860 524
636785806083992532 522
636785806084295267 522
636785806084402689 522
636785806084646829 523
636785806084920267 521
636785806086531595 523
636785806086912454 523
636785806087254251 521
636785806087488626 521
636785806087781595 522
636785806088074564 523
636785806088377298 523
636785806089412454 523
636785806089978860 521
636785806090349954 522
636785806090603860 522
636785806091160501 520
636785806091277689 521
636785806091541360 523
636785806092107767 521
636785806092430032 521
636785806092547220 523
636785806092752298 522
636785806092918314 523
636785806093416360 522
636785806094051126 522
636785806094402689 521
636785806094656595 522
636785806094715189 523
636785806095232767 523
636785806095379251 522
636785806095887064 521
636785806096805032 523
636785806096922220 523
636785806097176126 523
636785806097293314 522
636785806097801126 522
636785806098787454 522
636785806099812845 521
636785806099969095 520
636785806100037454 520
636785806100242532 522
636785806100564798 522
636785806100652689 522
636785806100984720 521
636785806101482767 521
636785806101805032 521
636785806101912454 521
636785806102273782 521
636785806102791360 521
636785806103162454 523
636785806103357767 522
636785806103709329 522
636785806104041360 523
636785806104402689 521
636785806104676126 521
636785806104998392 522
636785806105271829 522
636785806106853860 521
636785806107156595 523
636785806107439798 523
636785806107810892 522
636785806108699564 522
636785806109969095 522
636785806110037454 520
636785806110652689 523
636785806110867532 522
636785806111492532 522
636785806111902689 522
636785806112166360 522
636785806112293314 522
636785806112898782 523
636785806113162454 522
636785806113426126 524
636785806113514017 523
636785806114060892 522
636785806114373392 521
636785806114637064 522
636785806114754251 521
636785806115037454 522
636785806115408548 523
636785806115564798 522
636785806115984720 522
636785806116824564 522
636785806117117532 522
636785806117215189 521
636785806117732767 521
636785806117889017 523
636785806118152689 524
636785806118562845 522
636785806118670267 524
636785806118982767 523
636785806119656595 522
636785806119734720 521
636785806119998392 521
636785806120262064 522
636785806120437845 525
636785806122488626 520
636785806122859720 523
636785806123074564 523
636785806123396829 524
636785806123797220 521
636785806124353860 522
636785806125037454 522
636785806125359720 520
636785806125652689 522
636785806125896829 523
636785806125984720 522
636785806126902689 524
636785806127156595 524
636785806127254251 523
636785806127459329 521
636785806127732767 522
636785806128123392 521
636785806128484720 520
636785806129031595 523
636785806129295267 524
636785806129627298 524
636785806129969095 524
636785806130301126 523
636785806131189798 522
636785806131297220 521
636785806131629251 522
636785806131805032 524
636785806132156595 525
636785806132791360 523
636785806133465189 521
636785806134060892 522
636785806134148782 522
636785806134334329 522
636785806134793314 523
636785806134939798 523
636785806135037454 523
636785806135271829 524
636785806135545267 523
636785806135652689 522
636785806136180032 522
636785806136629251 522
636785806137117532 521
636785806137439798 524
636785806137791360 522
636785806138416360 524
636785806138543314 522
636785806138719095 522
636785806139041360 523
636785806139627298 521
636785806140047220 522
636785806140389017 525
636785806140906595 523
636785806141306985 521
636785806141502298 521
636785806141658548 521
636785806141902689 522
636785806142156595 523
636785806142293314 523
636785806143103860 522
636785806143465189 524
636785806144031595 523
636785806144305032 523
636785806145340189 521
636785806145652689 523
636785806145916360 523
636785806146043314 522
636785806146199564 523
636785806146551126 522
636785806147449564 523
636785806147732767 521
636785806147840189 520
636785806148113626 518
636785806148514017 522
636785806148670267 523
636785806149041360 521
636785806149099954 523
636785806149295267 524
636785806149627298 524
636785806149754251 523
636785806150017923 523
636785806150047220 523
636785806150584329 521
636785806151277689 520
636785806151521829 520
636785806151785501 522
636785806151912454 521
636785806153113626 523
636785806153357767 523
636785806153982767 524
636785806154148782 522
636785806154412454 523
636785806154666360 521
636785806154959329 524
636785806155594095 522
636785806155896829 521
636785806156180032 523
636785806157127298 524
636785806157742532 521
636785806158055032 522
636785806158465189 524
636785806159627298 523
636785806159715189 522
636785806159959329 522
636785806160281595 522
636785806160545267 522
636785806160916360 522
636785806161043314 524
636785806161551126 523
636785806161805032 522
636785806161912454 522
636785806162273782 522
636785806162527689 524
636785806162732767 522
636785806162879251 523
636785806163133157 522
636785806163777689 524
636785806163992532 523
636785806164168314 523
636785806164295267 523
636785806164920267 522
636785806165437845 521
636785806165594095 522
636785806165974954 522
636785806166287454 520
636785806166551126 522
636785806166844095 522
636785806167439798 522
636785806168670267 523
636785806169012064 524
636785806169744485 523
636785806169949564 521
636785806170262064 521
636785806170574564 523
636785806170652689 524
636785806170867532 521
636785806172117532 522
636785806173787454 523
636785806173982767 521
636785806174646829 519
636785806174734720 520
636785806174988626 520
636785806175906595 521
636785806175974954 521
636785806176199564 521
636785806177283548 525
636785806177430032 524
636785806177527689 523
636785806177752298 523
636785806177898782 523
636785806178084329 522
636785806178660501 526
636785806178777689 524
636785806178992532 522
636785806179324564 522
636785806179656595 521
636785806179793314 523
636785806180056985 523
636785806180603860 521
636785806182137064 524
636785806182439798 523
636785806183084329 522
636785806183680032 523
636785806184031595 522
636785806184607767 523
636785806184978860 521
636785806185291360 523
636785806185369485 522
636785806186189798 522
636785806186277689 522
636785806186482767 523
636785806186824564 523
636785806187146829 524
636785806187234720 524
636785806187752298 523
636785806188152689 524
636785806188357767 524
636785806188973001 521
636785806189129251 522
636785806189305032 522
636785806189646829 524
636785806190301126 525
636785806190848001 523
636785806191219095 522
636785806191639017 524
636785806191795267 524
636785806192156595 524
636785806192439798 523
636785806192527689 522
636785806193103860 524
636785806193357767 521
636785806193465189 523
636785806193787454 522
636785806194060892 522
636785806194627298 522
636785806194734720 524
636785806194930032 524
636785806195037454 523
636785806195584329 521
636785806196473001 523
636785806196853860 524
636785806196902689 524
636785806197137064 524
636785806197312845 524
636785806198172220 522
636785806198357767 522
636785806198484720 522
636785806198728860 522
636785806199119485 523
636785806199314798 523
636785806199402689 524
636785806199969095 525
636785806200310892 525
636785806200359720 525
636785806200867532 524
636785806201228860 524
636785806202146829 523
636785806202283548 522
636785806202527689 522
636785806203064798 524
636785806203416360 524
636785806203660501 523
636785806203777689 524
636785806204344095 523
636785806204734720 525
636785806205037454 525
636785806205232767 525
636785806205613626 522
636785806205916360 524
636785806205965189 525
636785806206228860 524
636785806206512064 524
636785806207166360 524
636785806207224954 524
636785806207527689 523
636785806207879251 523
636785806208045267 522
636785806208777689 523
636785806209344095 523
636785806209412454 522
636785806209676126 523
636785806209920267 523
636785806210027689 523
636785806210271829 524
636785806210408548 524
636785806211199564 523
636785806211306985 523
636785806211541360 524
636785806211599954 524
636785806211824564 524
636785806212449564 522
636785806212771829 523
636785806213523782 522
636785806213680032 522
636785806214373392 522
636785806214939798 522
636785806215242532 522
636785806215369485 522
636785806216170267 522
636785806216541360 522
636785806216795267 523
636785806216902689 523
636785806217166360 524
636785806217293314 524
636785806217820657 522
636785806218767923 522
636785806220037454 522
636785806220574564 523
636785806220877298 525
636785806221189798 523
636785806221541360 523
636785806222156595 524
636785806222224954 522
636785806222420267 522
636785806223533548 522
636785806224402689 524
636785806224793314 524
636785806225262064 524
636785806225428079 524
636785806225877298 524
636785806226219095 522
636785806226629251 523
636785806226902689 523
636785806227146829 522
636785806227234720 523
636785806227498392 523
636785806228055032 522
636785806228406595 522
636785806228689798 523
636785806229139017 522
636785806229402689 524
636785806229666360 523
636785806230906595 522
636785806230965189 523
636785806231873392 524
636785806232264017 523
636785806232420267 522
636785806233162454 523
636785806234041360 523
636785806235340189 524
636785806235564798 523
636785806235906595 524
636785806236687845 522
636785806236844095 521
636785806237176126 523
636785806237527689 523
636785806237752298 523
636785806238113626 523
636785806238406595 521
636785806239314798 524
636785806240008157 524
636785806240262064 524
636785806240974954 524
636785806241492532 522
636785806241609720 523
636785806241814798 522
636785806242146829 523
636785806242312845 523
636785806242469095 523
636785806243533548 523
636785806243709329 523
636785806244090189 523
636785806244353860 525
636785806245340189 522
636785806245584329 521
636785806245877298 521
636785806246033548 523
636785806246180032 523
636785806247166360 520
636785806247537454 522
636785806247742532 523
636785806248084329 521
636785806248162454 522
636785806248426126 523
636785806248680032 524
636785806248797220 522
636785806249910501 525
