636785811828448090 618
636785811829975634 615
636785811830256006 616
636785811831358158 617
636785811831812554 614
636785811832121930 615
636785811832721346 616
636785811833765490 616
636785811834393910 616
636785811834587270 617
636785811834741958 617
636785811835051334 619
636785811835215690 617
636785811836549874 618
636785811836752902 616
636785811837062278 615
636785811837371654 616
636785811837536010 615
636785811837681030 616
636785811837835718 616
636785811838744510 620
636785811838947538 619
636785811839111894 621
636785811839237578 619
636785811839885334 614
636785811840040022 615
636785811840571762 616
636785811841209850 615
636785811841393542 616
636785811843249798 614
636785811843414154 613
636785811843578510 615
636785811843742866 615
636785811844506638 619
636785811845241406 615
636785811845434766 614
636785811845599122 613
636785811845724806 616
636785811846778618 616
636785811847455378 616
636785811847697078 618
636785811848209482 616
636785811848567198 614
636785811848828234 616
636785811848982922 617
636785811849611342 618
636785811849766030 616
636785811849920718 614
636785811850104410 617
636785811850394450 614
636785811850800506 617
636785811851003534 618
636785811851312910 614
636785811851602950 616
636785811853778250 617
636785811853932938 616
636785811855450814 615
636785811857297402 616
636785811857558438 618
636785811858225530 615
636785811858447894 616
636785811858544574 615
636785811858737934 615
636785811859018306 616
636785811859172994 614
636785811859337350 615
636785811859530710 615
636785811859801414 614
636785811860110790 615
636785811860903566 617
636785811861048586 618
636785811861367630 616
636785811862121734 618
636785811862450446 619
636785811862595466 618
636785811863049862 616
636785811863784630 618
636785811863987658 617
636785811864422718 615
636785811864635414 615
636785811864712758 614
636785811864915786 617
636785811865070474 617
636785811866220966 617
636785811866307978 617
636785811866868722 614
636785811867062082 616
636785811867236106 615
636785811867564818 617
636785811867990210 618
636785811868338258 613
636785811868676638 614
636785811868937674 602
636785811869363066 618
636785811869566094 620
636785811869865802 619
636785811870020490 617
636785811870184846 619
636785811870329866 616
636785811870822934 618
636785811873887690 617
636785811874680466 617
636785811875589258 615
636785811875763282 613
636785811875898634 614
636785811876662406 615
636785811876826762 617
636785811877136138 615
636785811877899910 617
636785811878392978 613
636785811878692686 615
636785811878857042 615
636785811879263098 617
636785811879920522 615
636785811880084878 616
636785811880249234 617
636785811880374918 617
636785811880713298 615
636785811880993670 616
636785811881158026 618
636785811881786446 617
636785811882405198 613
636785811883536354 615
636785811883787722 614
636785811884077762 616
636785811884222782 618
636785811884406474 619
636785811884580498 618
636785811884764190 617
636785811884889874 616
636785811885131574 616
636785811885363606 616
636785811885498958 617
636785811886736462 615
636785811887287538 616
636785811887799942 616
636785811888283342 613
636785811888418694 615
636785811888747406 618
636785811888892426 618
636785811889356490 616
636785811889511178 616
636785811889801218 615
636785811889955906 617
636785811890294286 618
636785811890603662 617
636785811890748682 617
636785811890903370 614
636785811891048390 613
636785811891241750 614
636785811891502786 613
636785811891638138 615
636785811892015190 618
636785811892150542 617
636785811892295562 619
636785811893243026 616
636785811893426718 616
636785811893842442 617
636785811893987462 615
636785811894306506 616
636785811894461194 616
636785811894780238 617
636785811895563346 619
636785811895853386 615
636785811896288446 617
636785811896462470 618
636785811896769908 617
636785811897065742 618
636785811897344174 617
636785811897483390 615
636785811898423098 616
636785811898701530 617
636785811899145281 618
636785811899267095 616
636785811899815258 616
636785811900398225 615
636785811900754966 614
636785811900937687 617
636785811901224820 618
636785811901529355 617
636785811901764282 617
636785811901912199 615
636785811902747495 615
636785811902904113 614
636785811903025927 618
636785811903156442 615
636785811903452276 614
636785811904017841 615
636785811904278871 617
636785811904844436 615
636785811905279486 613
636785811905827649 616
636785811906645543 618
636785811907907188 617
636785811908176919 617
636785811908838195 616
636785811909020916 614
636785811909334152 616
636785811909586481 615
636785811909847511 617
636785811909995428 616
636785811910143345 614
636785811910465282 615
636785811910830724 616
636785811910961239 613
636785811911109156 615
636785811911605113 616
636785811911805236 616
636785811911935751 617
636785811912066266 619
636785811912353399 617
636785811912901562 614
636785811913032077 615
636785811913327911 617
636785811913458426 617
636785811913606343 618
636785811913876074 617
636785811914580855 617
636785811914711370 618
636785811914859287 618
636785811915155121 615
636785811915529264 616
636785811916808311 618
636785811918487604 616
636785811918626820 615
636785811919131478 615
636785811919479518 614
636785811919723146 616
636785811920149495 616
636785811920306113 616
636785811920723761 618
636785811921298027 613
636785811921411140 615
636785811921706974 617
636785811922107220 616
636785811922646682 618
636785811923499380 615
636785811923647297 617
636785811923786513 617
636785811924900241 618
636785811925048158 616
636785811925169972 616
636785811925309188 617
636785811925448404 614
636785811925744238 614
636785811926544730 617
636785811926692647 615
636785811926988481 614
636785811927101594 612
636785811927232109 614
636785811927388727 615
636785811927527943 615
636785811927797674 619
636785811927971694 614
636785811928363239 617
636785811929650987 616
636785811930007728 617
636785811930190449 616
636785811930738612 616
636785811931156260 618
636785811931304177 619
636785811931695722 617
636785811931852340 617
636785811932826852 617
636785811932983470 617
636785811933514231 616
636785811933644746 617
636785811934053693 619
636785811934210311 619
636785811934767175 617
636785811934906391 618
636785811935202225 617
636785811935750388 616
636785811935898305 618
636785811936437767 615
636785811936568282 617
636785811936864116 618
636785811937151249 613
636785811937412279 614
636785811937673309 614
636785811938108359 618
636785811938395492 617
636785811938543409 617
636785811938691326 616
636785811938804439 617
636785811939648436 617
636785811939735446 616
636785811939909466 619
636785811940214001 617
636785811940466330 618
636785811940605546 616
636785811941179812 617
636785811941406038 616
636785811941867191 618
636785811942015108 619
636785811942267437 620
636785811942528467 621
636785811942876507 617
636785811943389866 619
636785811943537783 619
636785811943824916 621
636785811944364378 618
636785811944486192 618
636785811944668913 617
636785811945478106 615
636785811945773940 617
636785811946182887 617
636785811946330804 616
636785811946461319 616
636785811946583133 616
636785811946878967 614
636785811947148698 616
636785811948018798 616
636785811948305931 616
636785811948358137 616
636785811948566961 616
636785811948706177 616
636785811948932403 616
636785811949115124 619
636785811949193433 616
636785811949541473 614
636785811949654586 615
636785811949950420 616
636785811950228852 616
636785811950942334 610
636785811951194663 613
636785811951342580 614
636785811951473095 614
636785811951751527 617
636785811952012557 615
636785811952169175 613
636785811952465009 617
636785811952604225 616
636785811952873956 617
636785811953030574 617
636785811953117584 617
636785811953282903 619
636785811953422119 617
636785811953831066 615
636785811954109498 617
636785811954240013 615
636785811954379229 615
636785811954675063 614
636785811954953495 613
636785811955249329 616
636785811955388545 614
636785811955501658 615
636785811956102027 616
636785811956162934 615
636785811956476170 613
636785811956772004 615
636785811956919921 614
636785811956998230 613
636785811957311466 616
636785811957459383 614
636785811957737815 617
636785811957824825 619
636785811958146762 618
636785811958842842 619
636785811958938553 617
636785811959469314 616
636785811959956570 613
636785811960113188 615
636785811960548238 616
636785811960678753 617
636785811960887577 615
636785811961070298 613
636785811961218215 615
636785811962854003 618
636785811963289053 615
636785811963741505 617
636785811963863319 620
636785811964141751 616
636785811964803027 617
636785811965133665 617
636785811965238077 619
636785811965968961 618
636785811966082074 618
636785811966369207 618
636785811966917370 617
636785811967073988 617
636785811967204503 617
636785811967474234 617
636785811967622151 616
636785811967752666 617
636785811967900583 619
636785811968614065 617
636785811968857693 615
636785811968962105 615
636785811969144826 614
636785811969292743 618
636785811969727793 615
636785811969840906 618
636785811969988823 619
636785811970267255 615
636785811970406471 617
636785811970676202 617
636785811970919830 616
636785811971102551 616
636785811971398385 615
636785811971528900 616
636785811971685518 615
636785811971781229 613
636785811972050960 616
636785811972216279 618
636785811972512113 616
636785811972607824 616
636785811972860153 616
636785811973704150 618
636785811973895572 618
636785811974017386 619
636785811974313220 618
636785811974582951 619
636785811975418247 618
636785811975548762 614
636785811975661875 615
636785811975853297 615
636785811976253543 617
636785811976401460 616
636785811977593497 617
636785811977784919 614
636785811977924135 615
636785811978367886 615
636785811979177079 618
636785811979316295 618
636785811979481614 616
636785811979629531 619
636785811979742644 618
636785811980003674 618
636785811980151591 621
636785811980299508 619
636785811980377817 619
636785811980838970 617
636785811980995588 617
636785811981117402 618
636785811981239216 614
636785811981543751 617
636785811982118017 618
636785811982518263 618
636785811982883705 615
636785811983066426 616
636785811983196941 616
636785811983344858 616
636785811983771207 616
636785811984284566 616
636785811984475988 618
636785811984606503 619
636785811985093759 615
636785811985406995 617
636785811985563613 615
636785811986174418 618
636785811986949669 616
636785811987121947 616
636785811987198515 616
636785811987409077 616
636785811987543071 616
636785811987868485 616
636785811988174757 616
636785811988318322 616
636785811988433174 615
636785811989246709 617
636785811989399845 617
636785811989562552 618
636785811990567507 615
636785811992500849 616
636785811992720982 619
636785811992921973 618
636785811993247387 618
636785811993544088 620
636785811993840789 616
636785811993984354 616
636785811994635182 615
636785811994788318 616
636785811994874457 617
636785811995085019 619
636785811995362578 618
636785811995534856 619
636785811995841128 618
636785811996281394 619
636785811996578095 617
636785811996913080 618
636785811997812754 617
636785811998894277 618
636785811999746096 620
636785812000128936 619
636785812000282072 617
636785812000597915 618
636785812000684054 616
636785812001047752 616
636785812001497589 617
636785812001832574 616
636785812002110133 616
636785812002253698 615
636785812002416405 616
636785812002579112 615
636785812002713106 612
636785812003038520 614
636785812003153372 613
636785812003335221 614
636785812003488357 615
636785812004349747 617
636785812004579451 618
636785812005335560 617
636785812005459983 617
636785812005622690 617
636785812006244805 618
636785812006378799 620
636785812006551077 620
636785812006713784 617
636785812006857349 618
636785812007173192 616
636785812007498606 615
636785812007623029 616
636785812007776165 616
636785812007938872 615
636785812008101579 616
636785812008388709 616
636785812008541845 617
636785812008838546 621
636785812009001253 617
636785812009326667 617
636785812010685749 615
636785812010848456 616
636785812011011163 615
636785812011173870 617
636785812011614136 618
636785812011786414 617
636785812012820082 617
636785812013308203 617
636785812013738898 614
636785812014150451 616
636785812014820421 613
636785812015088409 616
636785812015289400 616
636785812015452107 613
636785812015739237 617
636785812015911515 617
636785812016045509 615
636785812016964325 616
636785812017289739 617
636785812017423733 615
636785812017576869 618
636785812017883141 618
636785812018036277 618
636785812018466972 616
636785812018763673 615
636785812019117800 614
636785812019711202 616
636785812020036616 615
636785812020199323 615
636785812020285462 616
636785812020543879 617
636785812020802296 617
636785812020955432 617
636785812021567976 613
636785812022314514 617
636785812022438937 616
636785812022726067 616
636785812023702309 614
636785812023865016 615
636785812024467989 617
636785812025090104 618
636785812025578225 615
636785812025673935 617
636785812025846213 618
636785812026315192 621
636785812026401331 619
636785812026611893 619
636785812026784171 617
636785812026908594 616
636785812027214866 614
636785812027549851 616
636785812027702987 615
636785812027999688 614
636785812028152824 615
636785812028439954 615
636785812028602661 618
636785812028851507 617
636785812029052498 617
636785812029368341 620
636785812029674613 619
636785812029799036 619
636785812030000027 619
636785812030890130 615
636785812031560100 617
636785812031971653 617
636785812032565055 618
636785812033043605 617
636785812033349877 617
636785812033828427 614
636785812033962421 613
636785812034125128 615
636785812034680246 615
636785812034881237 615
636785812035034373 613
636785812035197080 613
636785812035283219 616
636785812035780911 616
636785812035953189 618
636785812036211606 615
636785812036422168 615
636785812036575304 616
636785812036728440 615
636785812036900718 615
636785812037149564 615
636785812037350555 615
636785812037656827 617
636785812038087522 616
636785812038240658 616
636785812038345939 614
636785812039015909 619
636785812039178616 621
636785812039274326 621
636785812039465746 621
636785812039810302 619
636785812040135716 616
636785812040690834 613
636785812040997106 614
636785812041504369 618
636785812041628792 618
636785812042394472 617
636785812042538037 617
636785812042681602 617
636785812042997445 616
636785812043246291 615
636785812043456853 616
636785812043600418 616
636785812043753554 616
636785812044471379 617
636785812044681941 614
636785812044835077 614
636785812045055210 615
636785812045591186 616
636785812045753893 615
636785812045916600 616
636785812046079307 618
636785812046710993 614
636785812046988552 618
636785812047438389 617
636785812047601096 617
636785812047926510 616
636785812048385918 617
636785812049103743 615
636785812049754571 615
636785812049917278 615
636785812050051272 618
636785812050309689 615
636785812050644674 617
636785812050950946 616
636785812051104082 617
636785812051266789 617
636785812051419925 617
636785812051592203 619
636785812051841049 619
636785812052042040 618
636785812052204747 618
636785812052338741 617
636785812052740723 616
636785812052941714 616
636785812053094850 613
636785812053420264 613
636785812053582971 614
636785812053726536 615
636785812054185944 612
636785812054339080 615
636785812054511358 616
636785812054798488 615
636785812054932482 615
636785812055257896 616
636785812055525884 617
636785812057258235 616
636785812057593220 615
636785812057842066 618
636785812058569462 617
636785812060751650 615
636785812060895215 618
636785812061048351 617
636785812061316339 616
636785812061823602 618
636785812062445717 616
636785812062541427 616
636785812063823941 617
636785812064273778 617
636785812064589621 619
636785812064704473 618
636785812064905464 618
636785812065001174 617
636785812065202165 616
636785812065852993 617
636785812066120981 615
636785812066417682 616
636785812066733525 614
636785812067499205 614
636785812067748051 616
636785812067949042 616
636785812068111749 616
636785812068264885 618
636785812068398879 618
636785812068982710 617
636785812069327266 616
636785812069815387 618
636785812070102517 619
636785812070217369 616
636785812070418360 617
636785812070581067 616
636785812070772487 617
636785812071021333 615
636785812071164898 616
636785812071327605 617
636785812071480741 617
636785812071978433 618
636785812073193950 617
636785812073289660 616
636785812073490651 617
636785812073902204 618
636785812074189334 615
636785812074495606 615
636785812074687026 617
636785812074830591 616
636785812075108150 618
636785812075433564 618
636785812075605842 617
636785812075758978 616
636785812075921685 616
636785812076534229 617
636785812076639510 617
636785812076840501 616
636785812077137202 615
636785812077567897 615
636785812077768888 614
636785812077902882 613
636785812078113444 614
636785812078812127 617
636785812078965263 619
636785812079319390 618
636785812079405529 615
636785812079692659 615
636785812080362629 618
636785812080525336 619
636785812080994315 617
636785812081118738 619
636785812081434581 618
636785812081597288 616
636785812081779137 617
636785812082056696 618
636785812082209832 619
636785812082343826 618
636785812082975512 617
636785812083109506 618
636785812083272213 618
636785812083434920 617
636785812083578485 617
636785812084073302 616
636785812084241750 615
636785812084599702 615
636785812084778678 618
636785812084905014 615
636785812085241910 617
636785812085368246 616
636785812085599862 616
636785812085926230 617
636785812086252598 617
636785812086431574 617
636785812086600022 617
636785812086957974 616
636785812087263286 617
636785812087379094 618
636785812087610710 618
636785812087789686 620
636785812087958134 618
636785812088126582 616
636785812088621398 616
636785812088789846 616
636785812089084630 617
636785812090411158 617
636785812091158646 615
636785812091337622 617
636785812091653462 617
636785812091821910 617
636785812092158806 617
636785812092506230 618
636785812092990518 617
636785812093348470 617
636785812093527446 613
636785812093780118 615
636785812094032790 617
636785812094180182 616
636785812094506550 614
636785812094674998 616
636785812095359318 616
636785812096022582 620
636785812096706902 618
636785812096812182 617
636785812097033270 618
636785812097170134 617
636785812097391222 617
636785812098054486 617
636785812098180822 617
636785812098559830 617
636785812098738806 616
636785812098917782 619
636785812099423126 618
636785812099602102 618
636785812099728438 586
636785812099917942 601
636785812100096918 609
636785812100423286 613
636785812100581206 615
636785812100897046 617
636785812101823510 616
636785812102771030 618
636785812102950006 618
636785812103276374 615
636785812103455350 618
636785812103771190 617
636785812104118614 619
636785812104287062 618
636785812104466038 618
636785812104897686 615
636785812105118774 616
636785812105255638 616
636785812105476726 617
636785812105834678 617
636785812107298070 614
636785812107477046 615
636785812107603382 616
636785812107824470 618
636785812108150838 616
636785812108656182 619
636785812109687926 619
636785812109887958 619
636785812110688086 617
636785812110961814 617
636785812111509270 614
636785812112035670 619
636785812112214646 617
636785812112541014 619
636785812112709462 618
636785812113067414 617
636785812113193750 617
636785812114330774 617
636785812114541334 618
636785812114730838 618
636785812116257398 617
636785812117120694 617
636785812118773590 617
636785812118942038 618
636785812119784278 619
636785812120679158 616
636785812120963414 618
636785812121826710 617
636785812122153078 620
636785812122447862 618
636785812122805814 618
636785812123163766 618
636785812123658582 616
636785812123848086 612
636785812123984950 614
636785812124342902 616
636785812124500822 618
636785812124679798 619
636785812125332534 617
636785812125679958 618
636785812125995798 621
636785812126795926 615
636785812127195990 618
636785812127522358 617
636785812128217206 617
636785812128554102 619
636785812129217366 618
636785812129512150 616
636785812129722710 615
636785812130564950 618
636785812130901846 618
636785812131070294 615
636785812131565110 615
636785812131744086 614
636785812131923062 614
636785812132070454 615
636785812132249430 613
636785812132428406 615
636785812133291702 617
636785812133428566 616
636785812133754934 618
636785812133933910 616
636785812134239222 615
636785812134460310 617
636785812134576118 616
636785812134955126 614
636785812135123574 616
636785812136302710 615
636785812136471158 617
636785812136808054 614
636785812137113366 617
636785812137302870 615
636785812137450262 617
636785812137797686 614
636785812137945078 614
636785812138808374 619
636785812138924182 616
636785812139313718 616
636785812139640086 615
636785812139819062 615
636785812139934870 615
636785812140155958 615
636785812140334934 617
636785812140513910 615
636785812140840278 616
636785812141019254 616
636785812141377206 619
636785812142040470 617
636785812142177334 616
636785812142672150 616
636785812143030102 618
636785812143335414 617
636785812143598614 619
636785812143661782 617
636785812144188182 618
636785812144314518 618
636785812144651414 617
636785812144935670 617
636785812145209398 619
636785812145893718 616
636785812146399062 614
636785812146683318 616
636785812146904406 616
636785812147072854 615
636785812147251830 616
636785812147430806 617
636785812147925622 617
636785812148599414 615
636785812149441654 616
636785812150757654 615
636785812151094550 616
636785812151420918 616
636785812151652534 616
636785812151799926 615
636785812151978902 616
636785812152094710 616
636785812152652694 614
636785812152810614 618
636785812153136982 617
636785812153768662 616
636785812153989750 616
636785812155137302 615
636785812155316278 615
636785812155663702 614
636785812156011126 617
636785812156147990 617
636785812156326966 617
636785812157179734 617
636785812157695606 617
636785812157821942 616
636785812158369398 617
636785812158558902 617
636785812159811734 617
636785812160369718 619
636785812161180374 614
636785812161854166 616
636785812162064726 618
636785812162454262 618
636785812162517430 619
636785812163243862 618
636785812163433366 615
636785812163928182 619
636785812164286134 620
636785812164422998 619
636785812164591446 617
636785812165623190 617
636785812165896918 617
636785812166118006 617
636785812166560182 616
636785812166897078 618
636785812167286614 612
636785812167465590 614
636785812167844598 614
636785812168971094 616
636785812169307990 617
636785812169476438 617
636785812169665942 618
636785812170139702 618
636785812170329206 616
636785812170655574 617
636785812170824022 616
636785812171329366 616
636785812171508342 619
636785812171645206 616
636785812172276886 619
636785812172487446 617
636785812173013846 615
636785812173529718 619
636785812173666582 618
636785812173845558 615
636785812175361590 617
636785812176045910 617
636785812176235414 615
636785812176540726 615
636785812176719702 616
636785812177267158 617
636785812177561942 618
636785812177740918 617
636785812177888310 617
636785812179404342 611
636785812179751766 616
636785812179909686 618
636785812180772982 616
636785812180941430 616
636785812181267798 618
636785812181457302 616
636785812181709974 617
636785812182310070 617
636785812182783830 619
636785812182962806 618
636785812183289174 615
636785812183457622 614
636785812184078774 616
636785812184636758 618
636785812184815734 618
636785812185110518 617
636785812185478998 619
636785812185647446 619
636785812185836950 618
636785812185963286 615
636785812186342294 616
636785812186426518 616
636785812186647606 616
636785812186826582 617
636785812187500374 617
636785812187858326 616
636785812188184694 617
636785812188679510 617
636785812188847958 616
636785812190879862 615
636785812192174080 618
636785812193101814 614
636785812193248299 615
636785812193404549 617
636785812193580330 617
636785812193677986 618
636785812195123299 621
636785812195289314 618
636785812195455330 617
636785812195543221 619
636785812195806892 618
636785812195943611 617
636785812196070564 615
636785812196793221 616
636785812197037361 617
636785812197642830 618
636785812197945564 618
636785812198297127 617
636785812198707283 619
636785812198883064 618
636785812199039314 615
636785812199205330 615
636785812199547127 615
636785812199947517 618
636785812200123299 616
636785812200289314 618
636785812200855721 618
636785812201070564 616
636785812201226814 615
636785812201363533 616
636785812202105721 617
636785812202457283 619
636785812202613533 616
636785812203121346 617
636785812205758064 616
636785812206060799 615
636785812206217049 618
636785812206539314 616
636785812206715096 617
636785812207174080 617
636785812207730721 615
636785812207935799 612
636785812208092049 613
636785812208238533 615
636785812208414314 615
636785812208687752 615
636785812208863533 615
636785812209185799 618
636785812209586189 615
636785812209840096 616
636785812209986580 614
636785812210455330 618
636785812210621346 617
636785812211070564 615
636785812211226814 614
636785812211373299 617
636785812211705330 618
636785812212037361 621
636785812212203377 619
636785812212945564 614
636785812213043221 613
636785812213404549 615
636785812214508064 613
636785812215592049 618
636785812215758064 620
636785812216051033 621
636785812216500252 621
636785812216871346 617
636785812217008064 617
636785812217174080 617
636785812217642830 615
636785812217730721 616
636785812218082283 618
636785812218345955 618
636785812218599861 617
636785812218746346 614
636785812218873299 611
636785812219039314 615
636785812219625252 618
636785812220250252 617
636785812221207283 619
636785812221363533 619
636785812222330330 616
636785812222955330 618
